2.394699999999999918e+01	2.585134513059603734e+01
2.561100000000000065e+01	2.588708621616570227e+01
2.159400000000000119e+01	2.423926780376639201e+01
2.354500000000000171e+01	2.522292733215682503e+01
2.144699999999999918e+01	2.173230911504966301e+01
2.318599999999999994e+01	2.301103380282255273e+01
2.458199999999999719e+01	2.220221502816319514e+01
2.782900000000000063e+01	2.416524612867712207e+01
2.363199999999999790e+01	2.198686987370114565e+01
1.922599999999999909e+01	2.064030089180199568e+01
2.548900000000000077e+01	2.198416195682309748e+01
2.361199999999999832e+01	2.309094581492730924e+01
2.204699999999999704e+01	2.448569919736128853e+01
2.641499999999999915e+01	2.306306318519485998e+01
2.084600000000000009e+01	2.353972747732205306e+01
2.082600000000000051e+01	2.181237247393584866e+01
2.631500000000000128e+01	2.377830277688618565e+01
2.796599999999999753e+01	2.685473671354657199e+01
2.055699999999999861e+01	2.297221876050267753e+01
2.268499999999999872e+01	2.321083173708785097e+01
1.858500000000000085e+01	2.056100589590663930e+01
2.325199999999999889e+01	2.332042647504338007e+01
2.838599999999999923e+01	2.462611178647659216e+01
2.035399999999999920e+01	2.242578036202781888e+01
2.062400000000000233e+01	2.145987309743023275e+01
1.999800000000000111e+01	2.073735003686352840e+01
2.370499999999999829e+01	2.345701820692765693e+01
2.557499999999999929e+01	2.566706756859717586e+01
2.248699999999999832e+01	2.631342503659970333e+01
2.091800000000000281e+01	2.284247822318704024e+01
2.266499999999999915e+01	2.434417340792830231e+01
2.416800000000000281e+01	2.211122936844559916e+01
2.135699999999999932e+01	2.198176203916182203e+01
2.389699999999999847e+01	2.216478147464340509e+01
2.649399999999999977e+01	2.277550632082561677e+01
1.953500000000000014e+01	2.009193714604777981e+01
2.891099999999999781e+01	2.354545750292304618e+01
2.161100000000000065e+01	2.441033142573641257e+01
2.487300000000000111e+01	2.554864217222274547e+01
2.318900000000000006e+01	2.356600217187967417e+01
1.526299999999999990e+01	2.145073318731293455e+01
2.579400000000000048e+01	2.465563745958168340e+01
2.372800000000000153e+01	2.420945183591986094e+01
2.636699999999999733e+01	2.363847671343740942e+01
2.833300000000000196e+01	2.412692364527644173e+01
2.021300000000000097e+01	2.361743564863849443e+01
2.620800000000000196e+01	2.373973446752764005e+01
2.371300000000000097e+01	2.135795689275082765e+01
2.441300000000000026e+01	2.459144917165915700e+01
2.014199999999999946e+01	2.126507559495463795e+01
2.435599999999999810e+01	2.275779332220121987e+01
2.253800000000000026e+01	2.258780554217238290e+01
2.504500000000000171e+01	2.433553085312610165e+01
1.932600000000000051e+01	1.999874863892219423e+01
2.152100000000000080e+01	2.181653965605014278e+01
2.417199999999999704e+01	2.182127292120128104e+01
2.399199999999999733e+01	2.299932870390381723e+01
2.672199999999999775e+01	2.497505982135682956e+01
2.361800000000000210e+01	2.299899797550262903e+01
2.172500000000000142e+01	2.238761363592773179e+01
2.484099999999999753e+01	2.479158364741636333e+01
2.065800000000000125e+01	2.299312097800260091e+01
2.436800000000000210e+01	2.225328125616605135e+01
2.411599999999999966e+01	2.162455998952520630e+01
2.484400000000000119e+01	2.425409086715393414e+01
1.805300000000000082e+01	2.054884052115957260e+01
2.313800000000000168e+01	2.369871423472482874e+01
2.202300000000000324e+01	2.208526364005856024e+01
2.474800000000000111e+01	2.165097442656797355e+01
1.805900000000000105e+01	2.165969521737560655e+01
1.945100000000000051e+01	2.218741103039667451e+01
2.528699999999999903e+01	2.344787120725222351e+01
2.373300000000000054e+01	2.168360809695112579e+01
1.965500000000000114e+01	2.202131257055166813e+01
2.323600000000000065e+01	2.333326805689752703e+01
2.161199999999999832e+01	2.118525095079273868e+01
2.324500000000000099e+01	2.239024627519827959e+01
2.512300000000000111e+01	2.483685950319227942e+01
2.428099999999999881e+01	2.340942604121014625e+01
2.460699999999999932e+01	2.236561044061084402e+01
2.296599999999999753e+01	2.343180271118007951e+01
2.669300000000000139e+01	2.417700014042769752e+01
1.754200000000000159e+01	2.032381260256306277e+01
2.728699999999999903e+01	2.446384842501104373e+01
2.008299999999999841e+01	2.418865970531568266e+01
2.273300000000000054e+01	2.201885896075457794e+01
2.348300000000000054e+01	2.263140875850942990e+01
1.908500000000000085e+01	2.293851684618325137e+01
2.042299999999999827e+01	2.093821870386146244e+01
1.770299999999999940e+01	2.108757875152324246e+01
2.446400000000000219e+01	2.222256989579214803e+01
2.079500000000000171e+01	2.118759188504683522e+01
2.045499999999999829e+01	2.350070845640998840e+01
2.303099999999999881e+01	2.302346636248972800e+01
2.027299999999999969e+01	1.968540026889430905e+01
2.471800000000000352e+01	2.328408609664044704e+01
2.222199999999999775e+01	2.266570059906823431e+01
1.849399999999999977e+01	2.414015189705122566e+01
2.084800000000000253e+01	2.094317966035216827e+01
2.144599999999999795e+01	2.139695214559756309e+01
1.887800000000000011e+01	2.173577679582684397e+01
2.531099999999999994e+01	2.446260362588567361e+01
1.686899999999999977e+01	1.998411717218020556e+01
2.787000000000000099e+01	2.418464699946670393e+01
2.105300000000000082e+01	2.128567897057939717e+01
1.494900000000000162e+01	1.847757619465948409e+01
1.839099999999999824e+01	1.978532134873960757e+01
2.517900000000000205e+01	2.401480658734307738e+01
2.152699999999999747e+01	2.231093546311291220e+01
2.382600000000000051e+01	2.430635004098664709e+01
1.800400000000000134e+01	2.280278547582251747e+01
2.367300000000000182e+01	2.259663002391242870e+01
2.236699999999999733e+01	2.200904444854218411e+01
2.438400000000000034e+01	2.148200721180485928e+01
2.370100000000000051e+01	2.198117832268252059e+01
2.302699999999999747e+01	2.427678248166718689e+01
2.306500000000000128e+01	2.310078513603520989e+01
2.296300000000000097e+01	2.327859254872231176e+01
2.526199999999999690e+01	2.355995742097190870e+01
2.592399999999999949e+01	2.494659824541197679e+01
2.594900000000000162e+01	2.365025474918884640e+01
1.829799999999999827e+01	2.033094652797726454e+01
2.108500000000000085e+01	2.114629059909710662e+01
2.649099999999999966e+01	2.181333727994054428e+01
1.564599999999999902e+01	2.079607330540213184e+01
2.873400000000000176e+01	2.660762654340334876e+01
2.199300000000000210e+01	2.178613268328848562e+01
2.093400000000000105e+01	2.165497590728922006e+01
2.639600000000000080e+01	2.472430086672628136e+01
2.136300000000000310e+01	2.106211502239096589e+01
2.313899999999999935e+01	2.254926924776275143e+01
2.519300000000000139e+01	2.071376425376643127e+01
2.332300000000000040e+01	2.169588786363635080e+01
2.462500000000000000e+01	2.430754700132293422e+01
1.966199999999999903e+01	2.256440367767156374e+01
2.005599999999999739e+01	2.188188746892987524e+01
1.837699999999999889e+01	2.222414590398022938e+01
1.930000000000000071e+01	2.266407589397567790e+01
2.191499999999999915e+01	2.220787388581258526e+01
2.298099999999999810e+01	2.314936040366226422e+01
2.424199999999999733e+01	2.285389252607154376e+01
2.268199999999999861e+01	2.296376877696909702e+01
2.461300000000000310e+01	2.181966464271081207e+01
2.225000000000000000e+01	2.119151324380214874e+01
2.305999999999999872e+01	2.198763289467654403e+01
2.018700000000000117e+01	2.246349695735993279e+01
2.070300000000000296e+01	2.228781744046255042e+01
1.836799999999999855e+01	2.321552328351980776e+01
2.411699999999999733e+01	2.286923293086416820e+01
2.050300000000000011e+01	2.231238171890754174e+01
2.554800000000000182e+01	2.552006398060808579e+01
2.023799999999999955e+01	2.352440592089816818e+01
1.993299999999999983e+01	2.126867494639149925e+01
2.126999999999999957e+01	2.185491559886528279e+01
2.192099999999999937e+01	2.232553294403570021e+01
2.449099999999999966e+01	2.379486897747514362e+01
1.989600000000000080e+01	2.195179662829302458e+01
2.233099999999999952e+01	2.450719851509053271e+01
2.562000000000000099e+01	2.403681240706496780e+01
2.105800000000000338e+01	2.152031989995571593e+01
2.462699999999999889e+01	2.636702519140489542e+01
2.456699999999999662e+01	2.517352891424147288e+01
2.355099999999999838e+01	2.076097476046568602e+01
2.430800000000000338e+01	2.084929004187400992e+01
1.928500000000000014e+01	1.987734312114406521e+01
2.452199999999999847e+01	2.337357833521948081e+01
1.925000000000000000e+01	2.028974733766049354e+01
2.123400000000000176e+01	2.121089545967019063e+01
2.040700000000000003e+01	2.341636272068060265e+01
1.898999999999999844e+01	2.269250599988394512e+01
1.864099999999999824e+01	2.150535315069738118e+01
2.162300000000000111e+01	2.221396410106076758e+01
2.539999999999999858e+01	2.359621131669905836e+01
2.258300000000000196e+01	2.198019061864042811e+01
2.363599999999999923e+01	2.336897507785641537e+01
2.296000000000000085e+01	2.292044321454627820e+01
2.333900000000000219e+01	2.260835561505011881e+01
2.763899999999999935e+01	2.531347694724741615e+01
2.217699999999999960e+01	2.377318006556174979e+01
2.384900000000000020e+01	2.325562284549458525e+01
2.484099999999999753e+01	2.259803850792911462e+01
2.336300000000000310e+01	2.268943434450284258e+01
2.149300000000000210e+01	2.232116881946961584e+01
2.126500000000000057e+01	2.124980841901553674e+01
2.020799999999999841e+01	2.001420849798323331e+01
1.594900000000000162e+01	2.132455796187352703e+01
2.588100000000000023e+01	2.238228149591354565e+01
2.413199999999999790e+01	2.152842325461198314e+01
2.362699999999999889e+01	2.406947879221964115e+01
2.224800000000000111e+01	2.322256837776473404e+01
2.062099999999999866e+01	2.140297632629613034e+01
2.782800000000000296e+01	2.472065065519997162e+01
2.410599999999999810e+01	2.177336915432286801e+01
2.710699999999999932e+01	2.455647799315474344e+01
2.526300000000000168e+01	2.329615127418034959e+01
2.107800000000000296e+01	2.278931875765730197e+01
1.792200000000000060e+01	2.274783572958605404e+01
2.314300000000000068e+01	2.581518111195429910e+01
2.387400000000000233e+01	2.147178643386016361e+01
2.023300000000000054e+01	2.365080799837607373e+01
2.630199999999999960e+01	2.479696711209153293e+01
2.649099999999999966e+01	2.470880726260958227e+01
2.458399999999999963e+01	2.076433074591860262e+01
2.169500000000000028e+01	2.225095434486225443e+01
2.476199999999999690e+01	2.552274682382660487e+01
2.439499999999999957e+01	2.271508471783524286e+01
2.189499999999999957e+01	2.303914811195572199e+01
2.504199999999999804e+01	2.570148883472604595e+01
2.215500000000000114e+01	2.236218155576429822e+01
2.003000000000000114e+01	2.091922189173611102e+01
2.690800000000000125e+01	2.002203037279937092e+01
2.743699999999999761e+01	2.469296080090103018e+01
2.173699999999999832e+01	2.261574975328014503e+01
2.284900000000000020e+01	2.345607202196846330e+01
2.241900000000000048e+01	2.152663758616771972e+01
2.151199999999999690e+01	2.139882735166928285e+01
2.295400000000000063e+01	2.399538681809015372e+01
2.259099999999999753e+01	2.486371776019207047e+01
2.639999999999999858e+01	2.331649249769091270e+01
2.292599999999999838e+01	2.343918715289924748e+01
2.373000000000000043e+01	2.251058546828668128e+01
2.287099999999999866e+01	2.263167139560717089e+01
2.277199999999999847e+01	2.174404757561602608e+01
2.411499999999999844e+01	2.109357103889998442e+01
2.303800000000000026e+01	2.157324483611254351e+01
1.786299999999999955e+01	2.217958641658666963e+01
1.929299999999999926e+01	2.294070595227699272e+01
2.146800000000000352e+01	2.201431359376355701e+01
2.157699999999999818e+01	2.057946668901921328e+01
2.333300000000000196e+01	2.397470000088221909e+01
2.389099999999999824e+01	2.312212179403892165e+01
2.292999999999999972e+01	2.285238148822492832e+01
2.391400000000000148e+01	2.434518242178468839e+01
2.191499999999999915e+01	2.400400620362387727e+01
2.409699999999999775e+01	2.344125355649937248e+01
2.477300000000000324e+01	2.184557755079876884e+01
2.169300000000000139e+01	2.267429492307135419e+01
2.124399999999999977e+01	2.144599658290875865e+01
2.322100000000000009e+01	2.395495680609798939e+01
2.279500000000000171e+01	2.174549243660516140e+01
2.264199999999999946e+01	2.439984527416850568e+01
2.114800000000000324e+01	2.368785905946712944e+01
2.032700000000000173e+01	2.145438839548947385e+01
2.286400000000000077e+01	2.254061620667066279e+01
2.375600000000000023e+01	2.457382210595391214e+01
1.871099999999999852e+01	2.294631443083020272e+01
2.552199999999999847e+01	2.103253764168422890e+01
1.969900000000000162e+01	2.227152424861683500e+01
2.288400000000000034e+01	2.326453925736709039e+01
2.176999999999999957e+01	2.104538163762425285e+01
2.344599999999999795e+01	2.296446875324873815e+01
2.471999999999999886e+01	2.279373872914165844e+01
2.160000000000000142e+01	2.290083864646738121e+01
2.080999999999999872e+01	2.090874838960828086e+01
2.186899999999999977e+01	2.309057498947080234e+01
2.382400000000000162e+01	2.456144741588240521e+01
2.269900000000000162e+01	2.359843396863734455e+01
2.160900000000000176e+01	2.477241399726460713e+01
2.166900000000000048e+01	2.044200706449342775e+01
1.855599999999999739e+01	2.323806516527168853e+01
2.054400000000000048e+01	2.007129637536849742e+01
2.261499999999999844e+01	2.191137399550685672e+01
2.579199999999999804e+01	2.331969203873217467e+01
2.454300000000000281e+01	2.220909176360968118e+01
2.090800000000000125e+01	2.202374222525800462e+01
2.174900000000000233e+01	2.126288475974281056e+01
2.416800000000000281e+01	2.200439568444051730e+01
2.433300000000000196e+01	2.147010545055928077e+01
2.510800000000000054e+01	2.432860487326545851e+01
2.212699999999999889e+01	2.297805431684755817e+01
2.470800000000000196e+01	2.175386634195069746e+01
2.523300000000000054e+01	2.311676395050239208e+01
2.313100000000000023e+01	2.494090169016579139e+01
2.179400000000000048e+01	2.053471573978611886e+01
2.048499999999999943e+01	2.261614100237686742e+01
2.110699999999999932e+01	2.108675045235356293e+01
2.397100000000000009e+01	2.251079619367289553e+01
2.488899999999999935e+01	2.182905128560027563e+01
2.207099999999999795e+01	2.202016576017238236e+01
2.172599999999999909e+01	2.310696914433840732e+01
2.722100000000000009e+01	2.470987012682459039e+01
2.381500000000000128e+01	2.497780747388280886e+01
2.571900000000000119e+01	2.264975066205927945e+01
2.243800000000000239e+01	2.374427071634168840e+01
2.130000000000000071e+01	2.348706129813264809e+01
1.961200000000000188e+01	2.293044849336381219e+01
2.537099999999999866e+01	2.259390864431604129e+01
2.553599999999999781e+01	2.345546224181549277e+01
2.417599999999999838e+01	2.305980068118605786e+01
2.494300000000000139e+01	2.489216165747483345e+01
2.104699999999999704e+01	2.191466020299576911e+01
2.755400000000000205e+01	2.242200080719345578e+01
2.580900000000000105e+01	2.493223000207749962e+01
2.605300000000000082e+01	2.239394568840222632e+01
2.482300000000000040e+01	2.364806706141693127e+01
2.095499999999999829e+01	2.347723324134120304e+01
2.243300000000000338e+01	2.204129649172604388e+01
2.404699999999999704e+01	2.459929974423846488e+01
2.199699999999999989e+01	2.328897557618831371e+01
2.536400000000000077e+01	2.252810218605795711e+01
2.613899999999999935e+01	2.223683072986260001e+01
2.129800000000000182e+01	2.089875213431601253e+01
2.169500000000000028e+01	2.289207141393156419e+01
2.079500000000000171e+01	2.050925330088031373e+01
2.258599999999999852e+01	2.409025858027949596e+01
2.071800000000000352e+01	2.138780103291776058e+01
2.200099999999999767e+01	2.295468151619272490e+01
2.687099999999999866e+01	2.664718325118575848e+01
1.971000000000000085e+01	2.139743105391507783e+01
1.725600000000000023e+01	1.900625159128653507e+01
2.216800000000000281e+01	1.993959360024735972e+01
2.283500000000000085e+01	2.295057293942100429e+01
2.379199999999999804e+01	2.441696368141646190e+01
2.019000000000000128e+01	2.073955786861449724e+01
1.909400000000000119e+01	2.292634242885388929e+01
2.360800000000000054e+01	2.272119940935331073e+01
2.624099999999999966e+01	2.634481374321517322e+01
2.295300000000000296e+01	2.454311810172650610e+01
2.367699999999999960e+01	2.242613987096524752e+01
1.796199999999999974e+01	1.799609774937003692e+01
2.455099999999999838e+01	2.468711095270320044e+01
2.705900000000000105e+01	2.553155462036963996e+01
2.542199999999999704e+01	2.288944919970817082e+01
2.375400000000000134e+01	2.268689045075059951e+01
1.640200000000000102e+01	2.179363511282182841e+01
1.940599999999999881e+01	2.133325743778686956e+01
2.114099999999999824e+01	2.243574064761481424e+01
2.443400000000000105e+01	2.446378030951651183e+01
2.274900000000000233e+01	2.246687906976040949e+01
2.254899999999999949e+01	2.193552687753123820e+01
2.084499999999999886e+01	2.365897125783154564e+01
2.200800000000000267e+01	2.005785589265400404e+01
2.136499999999999844e+01	2.351715063180878218e+01
1.735399999999999920e+01	2.063967845370588350e+01
2.677899999999999991e+01	2.629579951927518877e+01
2.546900000000000119e+01	2.511496129356990892e+01
2.811599999999999966e+01	2.519904623639928332e+01
2.378500000000000014e+01	2.461944383542060777e+01
2.370499999999999829e+01	2.428993444975228755e+01
2.033999999999999986e+01	2.227240079057802902e+01
2.449399999999999977e+01	2.348368112954040399e+01
2.340699999999999648e+01	2.420209133516764410e+01
2.245699999999999719e+01	2.089635383077101594e+01
2.043299999999999983e+01	2.353703843146775299e+01
2.500400000000000134e+01	2.382592951029661776e+01
1.755000000000000071e+01	2.154782807909467124e+01
2.614499999999999957e+01	2.334533019813995480e+01
2.166099999999999781e+01	2.133148872693499243e+01
2.161899999999999977e+01	2.311937665769941574e+01
2.192300000000000182e+01	2.321894225078194296e+01
2.171400000000000219e+01	2.259489062993099751e+01
2.263599999999999923e+01	2.270562820648124713e+01
2.484699999999999775e+01	2.468039577290083386e+01
2.544099999999999895e+01	2.393422528653533021e+01
2.076999999999999957e+01	2.126455504841965549e+01
1.843200000000000216e+01	2.313446100951598083e+01
2.363100000000000023e+01	2.294697133261979261e+01
2.481500000000000128e+01	2.298433171861306334e+01
2.428699999999999903e+01	2.027646870126485723e+01
2.489199999999999946e+01	2.328118997695225900e+01
2.432000000000000028e+01	2.463876335359816494e+01
2.544400000000000261e+01	2.187969319158078463e+01
1.774200000000000088e+01	1.736012661482739361e+01
2.626800000000000068e+01	2.362671156754828061e+01
2.595400000000000063e+01	2.366972376886050000e+01
2.462099999999999866e+01	2.364661586467272869e+01
2.839600000000000080e+01	2.490616635660014566e+01
2.105000000000000071e+01	2.296109224261531878e+01
1.914700000000000202e+01	2.133083812901007192e+01
2.036899999999999977e+01	2.127153251457525585e+01
1.989000000000000057e+01	2.115331266639526575e+01
2.906500000000000128e+01	2.568692178096952716e+01
2.274800000000000111e+01	2.286115180693938598e+01
1.743700000000000117e+01	2.125419606332826916e+01
2.100300000000000011e+01	2.243225967545429711e+01
1.813599999999999923e+01	2.210567284976321289e+01
2.278400000000000247e+01	2.066818752348487109e+01
2.576699999999999946e+01	2.207508139555529780e+01
2.165199999999999747e+01	2.217309548318344881e+01
2.264999999999999858e+01	2.442680521261349114e+01
1.948700000000000188e+01	1.965879834924245273e+01
2.504400000000000048e+01	2.527981247214979987e+01
2.362999999999999901e+01	2.348143790819628052e+01
1.909900000000000020e+01	2.292715291056446247e+01
2.361599999999999966e+01	2.342076673043520429e+01
2.100099999999999767e+01	2.081798322817765978e+01
2.209400000000000119e+01	2.568369013842324122e+01
2.585199999999999676e+01	2.464428848642649683e+01
2.104400000000000048e+01	2.215589675433088601e+01
2.270800000000000196e+01	2.257508239233498415e+01
2.531900000000000261e+01	2.430131084101867955e+01
2.184800000000000253e+01	2.041925967591199509e+01
1.912300000000000111e+01	2.472575572712805680e+01
1.899900000000000233e+01	2.315575478603192749e+01
2.566000000000000014e+01	2.426957583004491070e+01
1.708399999999999963e+01	2.311825997065654192e+01
2.471300000000000097e+01	2.264711822541990571e+01
1.778200000000000003e+01	2.217224660085491905e+01
2.024699999999999989e+01	2.013684186464617198e+01
2.335500000000000043e+01	2.242120594011047885e+01
2.703900000000000148e+01	2.502969570926383014e+01
2.312699999999999889e+01	2.133659552949886162e+01
2.412400000000000233e+01	2.310937567653148861e+01
1.995100000000000051e+01	2.196285786379138116e+01
2.237500000000000000e+01	2.192480093666057073e+01
2.000600000000000023e+01	2.170477680837527146e+01
2.292300000000000182e+01	2.320434346492449151e+01
2.663100000000000023e+01	2.323469177941156261e+01
2.041799999999999926e+01	2.098386594422088791e+01
2.074500000000000099e+01	2.078582805010620049e+01
2.213500000000000156e+01	2.239443914628111187e+01
2.237699999999999889e+01	2.344751529936872814e+01
2.555199999999999960e+01	2.210656989209740786e+01
2.013799999999999812e+01	2.253243024243046833e+01
2.134199999999999875e+01	2.162615173161270832e+01
2.362400000000000233e+01	2.208769564992335788e+01
1.864900000000000091e+01	2.146108719118451802e+01
2.442199999999999704e+01	2.339067861879497556e+01
2.342999999999999972e+01	2.340780545844252458e+01
2.360199999999999676e+01	2.339989369190724489e+01
2.550600000000000023e+01	2.524761887086563661e+01
2.193599999999999994e+01	2.171449646296997216e+01
1.546499999999999986e+01	2.225375664928239772e+01
2.407300000000000040e+01	2.093453420097583617e+01
2.173800000000000310e+01	2.367129119205820587e+01
2.220699999999999719e+01	2.061746943669732701e+01
1.948300000000000054e+01	2.045808115490467216e+01
2.072400000000000020e+01	2.220745214229009079e+01
1.796099999999999852e+01	2.229990718591553645e+01
2.567500000000000071e+01	2.504391097991592829e+01
2.236199999999999832e+01	2.088628630821063936e+01
1.923499999999999943e+01	2.281825822216778121e+01
2.276699999999999946e+01	2.367044981675448767e+01
2.402400000000000091e+01	2.346120415292966754e+01
2.395300000000000296e+01	2.205024435848640607e+01
2.417699999999999960e+01	2.306177543864207991e+01
2.464300000000000068e+01	2.237296904095377670e+01
2.578000000000000114e+01	2.399968903902809103e+01
1.797599999999999909e+01	2.137408227804293048e+01
1.430900000000000105e+01	2.180412687265025440e+01
2.384699999999999775e+01	2.336374381780080611e+01
1.904500000000000171e+01	2.216579277793723790e+01
1.763700000000000045e+01	2.159610913264970833e+01
2.183900000000000219e+01	2.140294694167943490e+01
2.310099999999999909e+01	2.387928977062192004e+01
2.125199999999999889e+01	2.286851314107299871e+01
2.745300000000000296e+01	2.587473846362511765e+01
2.056099999999999994e+01	2.197031963781557096e+01
1.997400000000000020e+01	2.042931108975878018e+01
2.207699999999999818e+01	2.128578860676593010e+01
2.407499999999999929e+01	2.512903200754245248e+01
2.507499999999999929e+01	2.507422594394650517e+01
2.596999999999999886e+01	2.432908488045920237e+01
2.144199999999999662e+01	2.360763388313092292e+01
1.995700000000000074e+01	2.085752700099810752e+01
2.146400000000000219e+01	2.267003032063616885e+01
2.386899999999999977e+01	2.108342691382040002e+01
2.425000000000000000e+01	2.329527467719925582e+01
2.025700000000000145e+01	2.126244912656646946e+01
1.774699999999999989e+01	2.078136502646164985e+01
2.351599999999999824e+01	2.232545008309956813e+01
2.521099999999999852e+01	2.140119127816311106e+01
2.625699999999999790e+01	2.415653194168851670e+01
2.505000000000000071e+01	2.457527083915051236e+01
2.305300000000000082e+01	2.357120026978990524e+01
2.388400000000000034e+01	2.340502862120962035e+01
2.289999999999999858e+01	2.149736394318765775e+01
2.540500000000000114e+01	2.487000161412888488e+01
2.370199999999999818e+01	2.286236234145912150e+01
2.335800000000000054e+01	2.411584772052432157e+01
2.219199999999999662e+01	2.173495595635279187e+01
2.589199999999999946e+01	2.502733195798344568e+01
2.341199999999999903e+01	2.212342540910729483e+01
2.401000000000000156e+01	2.383715831377022809e+01
2.746000000000000085e+01	2.675939815760180451e+01
2.238500000000000156e+01	2.290908003227451317e+01
2.320899999999999963e+01	2.390921498596391004e+01
2.207199999999999918e+01	2.541436322353851907e+01
2.224900000000000233e+01	2.306146870963216955e+01
1.958900000000000219e+01	2.221341206882046393e+01
2.516499999999999915e+01	2.254951308644069030e+01
2.477699999999999747e+01	2.355396062424867765e+01
2.021999999999999886e+01	2.210121176346312311e+01
1.887599999999999767e+01	2.438373477775101250e+01
2.167699999999999960e+01	2.328721537385341023e+01
2.226999999999999957e+01	2.099493564071234886e+01
1.942399999999999949e+01	1.959540849029674447e+01
2.594000000000000128e+01	2.330722182779144447e+01
2.455000000000000071e+01	2.230404140415814140e+01
2.130800000000000338e+01	2.184397884837349224e+01
2.323699999999999832e+01	2.290108097421842004e+01
2.236899999999999977e+01	2.333864787330673352e+01
2.353300000000000125e+01	2.354559931833551190e+01
2.119500000000000028e+01	2.459925340526883630e+01
2.132499999999999929e+01	2.178201280518018024e+01
1.788500000000000156e+01	2.021237317766344077e+01
2.210599999999999810e+01	2.447249833909951988e+01
2.343300000000000338e+01	2.262107046289609968e+01
2.379199999999999804e+01	2.311356342551023957e+01
1.580799999999999983e+01	2.075315344762432090e+01
2.148000000000000043e+01	2.254422965643126275e+01
1.970499999999999829e+01	2.241437989414145804e+01
2.127499999999999858e+01	2.101329769858068275e+01
2.549800000000000111e+01	2.365088218040576962e+01
2.448400000000000176e+01	2.394116009301027148e+01
2.845599999999999952e+01	2.457385393295426468e+01
2.172800000000000153e+01	2.215123586465618288e+01
2.489499999999999957e+01	2.341043835037138621e+01
2.335900000000000176e+01	2.343080696229831972e+01
2.153999999999999915e+01	2.124506759028817982e+01
2.265199999999999747e+01	2.131493001366398943e+01
2.019299999999999784e+01	2.345230399773289776e+01
1.920200000000000173e+01	2.227504095183769550e+01
1.792800000000000082e+01	2.012578665388769750e+01
2.235699999999999932e+01	2.186025551161435487e+01
2.539300000000000068e+01	2.167470093565746936e+01
2.118499999999999872e+01	2.089609185330607488e+01
2.509699999999999775e+01	2.396082488169757241e+01
2.149399999999999977e+01	2.098356343893514264e+01
2.262400000000000233e+01	2.244012377257481816e+01
2.858699999999999974e+01	2.570527627892074918e+01
2.099099999999999966e+01	2.287742161619233627e+01
2.624500000000000099e+01	2.538398635077267329e+01
2.457400000000000162e+01	2.326791671334389733e+01
2.180099999999999838e+01	2.128828249736530509e+01
2.115099999999999980e+01	2.214048732782448781e+01
2.458699999999999974e+01	2.330057232130934253e+01
2.438400000000000034e+01	2.364640072860974129e+01
2.275099999999999767e+01	2.232974757754631057e+01
2.415199999999999747e+01	2.452003008787562521e+01
1.937000000000000099e+01	2.233641878958928828e+01
2.246599999999999753e+01	2.359774436938432274e+01
2.613300000000000267e+01	2.353307596499373133e+01
2.537599999999999767e+01	2.238483972211380291e+01
2.315399999999999991e+01	2.223614336711881379e+01
1.989300000000000068e+01	2.185786331203210153e+01
1.917699999999999960e+01	2.361880668383662041e+01
2.433099999999999952e+01	2.448901799777036459e+01
2.230400000000000205e+01	2.390613805434101380e+01
2.157300000000000040e+01	2.327010837346837135e+01
2.110699999999999932e+01	2.087484211997938388e+01
2.063300000000000267e+01	2.295372299509327618e+01
1.544599999999999973e+01	2.161269058468448279e+01
2.357600000000000051e+01	2.359274327247487335e+01
2.235800000000000054e+01	2.127665564578265389e+01
1.795200000000000173e+01	2.072589549400971265e+01
2.687900000000000134e+01	2.302098596830062505e+01
2.442500000000000071e+01	2.163366632781812982e+01
2.330800000000000338e+01	2.121026297024994989e+01
2.089000000000000057e+01	2.066051829475421897e+01
2.400900000000000034e+01	2.292418770719145016e+01
2.204199999999999804e+01	2.448523347616055545e+01
2.014499999999999957e+01	2.071497796687176063e+01
2.311699999999999733e+01	2.051324633927692886e+01
2.848600000000000065e+01	2.449737371567357158e+01
1.912000000000000099e+01	2.107003286219315541e+01
2.239000000000000057e+01	2.464379192384003048e+01
2.116699999999999804e+01	2.219804291694749310e+01
1.917500000000000071e+01	2.179603835433793435e+01
1.958900000000000219e+01	2.404097439990525586e+01
2.213899999999999935e+01	2.129090520714196089e+01
1.976399999999999935e+01	2.345134340533198980e+01
2.908999999999999986e+01	2.626563713259043809e+01
1.835099999999999909e+01	2.092180382829731755e+01
2.201500000000000057e+01	2.230385807349450999e+01
1.461800000000000033e+01	2.052574427623957476e+01
2.065300000000000225e+01	2.201743380796985505e+01
1.964499999999999957e+01	1.938259646600020858e+01
1.855799999999999983e+01	2.177910387711276741e+01
2.220499999999999829e+01	2.179618600125280992e+01
2.486899999999999977e+01	2.331974265403136926e+01
2.170599999999999952e+01	2.224074710358480544e+01
2.175000000000000000e+01	2.157100931621586781e+01
2.452300000000000324e+01	2.308088596870274145e+01
2.059099999999999753e+01	2.122815219880414261e+01
2.158599999999999852e+01	2.017137748056828883e+01
2.456800000000000139e+01	2.352911584581683968e+01
2.545400000000000063e+01	2.296128992343667363e+01
2.307000000000000028e+01	2.310827672851601022e+01
2.450099999999999767e+01	2.432464822617502875e+01
2.371499999999999986e+01	2.655085992660862715e+01
1.914999999999999858e+01	2.092202805541528932e+01
2.397100000000000009e+01	2.533370917893325114e+01
2.042900000000000205e+01	2.338573415570916225e+01
2.110900000000000176e+01	2.360607448825329868e+01
1.993799999999999883e+01	2.432172219322132989e+01
2.190099999999999980e+01	2.178854100405156657e+01
2.349500000000000099e+01	2.283113005885756408e+01
2.216499999999999915e+01	2.051774891344108553e+01
2.015200000000000102e+01	2.351132228332971863e+01
2.066800000000000281e+01	2.248650045264077235e+01
2.093199999999999861e+01	2.198908688075720264e+01
1.798400000000000176e+01	2.256680125181424756e+01
2.357499999999999929e+01	2.260313671805307578e+01
2.615500000000000114e+01	2.474987720074265951e+01
2.014400000000000190e+01	2.065355700965415053e+01
2.274500000000000099e+01	2.302772802592373935e+01
2.312999999999999901e+01	2.244230937768327294e+01
2.657400000000000162e+01	2.502234498381491790e+01
2.094699999999999918e+01	2.339599438296403022e+01
2.260099999999999909e+01	2.131592815462379065e+01
2.333999999999999986e+01	2.465348006418432547e+01
2.116600000000000037e+01	2.043210358866025800e+01
2.164199999999999946e+01	2.088361799781318595e+01
2.089099999999999824e+01	2.249827011279842282e+01
2.086100000000000065e+01	2.399449632030193769e+01
2.308500000000000085e+01	2.414100813224927222e+01
2.634300000000000352e+01	2.147810837653290861e+01
2.327800000000000225e+01	2.313576562957236504e+01
2.031299999999999883e+01	2.113054055767325679e+01
2.268800000000000239e+01	2.293232422853641594e+01
2.294599999999999795e+01	2.427741282444983995e+01
2.079599999999999937e+01	2.155290606827456301e+01
2.479699999999999704e+01	2.433531651004193819e+01
1.632199999999999918e+01	2.248046343684049475e+01
2.411800000000000210e+01	2.187265578999875970e+01
2.286899999999999977e+01	2.590904929810449886e+01
2.332600000000000051e+01	2.656530451116151781e+01
1.984600000000000009e+01	2.139796825397257862e+01
2.433399999999999963e+01	2.287081282537862492e+01
2.182800000000000296e+01	2.378712892421837921e+01
2.662300000000000111e+01	2.430413342097976681e+01
2.023400000000000176e+01	2.164263899078473585e+01
2.301000000000000156e+01	2.198625838834535173e+01
2.122899999999999920e+01	2.018976946843588749e+01
2.383900000000000219e+01	2.421954737858405693e+01
2.525699999999999790e+01	2.461191022004317830e+01
2.727199999999999847e+01	2.573754783114652867e+01
2.230599999999999739e+01	2.177877135443390699e+01
2.091699999999999804e+01	2.131308977843348273e+01
2.191099999999999781e+01	2.433759245939984694e+01
2.694500000000000028e+01	2.444621862159605996e+01
2.121099999999999852e+01	2.004830915641554512e+01
2.390199999999999747e+01	2.329672897091772299e+01
2.049500000000000099e+01	2.109665115848735795e+01
1.856200000000000117e+01	2.081752104404446513e+01
2.011499999999999844e+01	2.446496638026167503e+01
2.569000000000000128e+01	2.387409262129437693e+01
2.249500000000000099e+01	2.358607257736831286e+01
2.246099999999999852e+01	2.305273117018910156e+01
1.469700000000000095e+01	2.053530229911365268e+01
1.929100000000000037e+01	2.281115607624524699e+01
1.946799999999999997e+01	2.151169004848514632e+01
2.143599999999999994e+01	2.156700207033266992e+01
2.226300000000000168e+01	2.131140444475618168e+01
2.254800000000000182e+01	2.186595807856855700e+01
2.437000000000000099e+01	2.482920733003965452e+01
2.468699999999999761e+01	2.187301885102860055e+01
2.361199999999999832e+01	2.466581534616051741e+01
2.351399999999999935e+01	2.488532885399331818e+01
2.275000000000000000e+01	2.320642999949416208e+01
2.771000000000000085e+01	2.575718031004162611e+01
2.176300000000000168e+01	2.066841933625110528e+01
2.103300000000000125e+01	2.096802003916882029e+01
1.877799999999999869e+01	2.143777862500516207e+01
2.144800000000000040e+01	2.348431141369444575e+01
2.195599999999999952e+01	2.321222130379381099e+01
2.391099999999999781e+01	2.319629655973730564e+01
2.230499999999999972e+01	2.332578952524480087e+01
2.685199999999999676e+01	2.367143693305430219e+01
2.196900000000000119e+01	2.251134602695229958e+01
2.612199999999999989e+01	2.443570731364075854e+01
2.241900000000000048e+01	2.352597995497283279e+01
2.502899999999999991e+01	2.308240783509523908e+01
1.752299999999999969e+01	2.420757384346546459e+01
2.157800000000000296e+01	2.355198164923829296e+01
2.655800000000000338e+01	2.376978083151495724e+01
2.655000000000000071e+01	2.428482829893659556e+01
2.115199999999999747e+01	2.171874164937404927e+01
1.948700000000000188e+01	2.205743762599119506e+01
2.297899999999999920e+01	2.302037101806297059e+01
2.233300000000000196e+01	2.166090175969505793e+01
2.397100000000000009e+01	2.390896010548765105e+01
2.292599999999999838e+01	2.257377060956657999e+01
2.295899999999999963e+01	2.523625488723662613e+01
1.877299999999999969e+01	2.321862361488751247e+01
2.446599999999999753e+01	2.634562175074284696e+01
2.480400000000000205e+01	2.233254971047344384e+01
2.184900000000000020e+01	2.286059652271849174e+01
1.711400000000000077e+01	2.100844163931596498e+01
2.607099999999999795e+01	2.422151009167113855e+01
2.555800000000000338e+01	2.623682129916358363e+01
2.202499999999999858e+01	2.392048141853470256e+01
1.891000000000000014e+01	2.306649403327142522e+01
1.870200000000000173e+01	2.143749812139683542e+01
2.187400000000000233e+01	2.166440266101514922e+01
2.427899999999999991e+01	2.102421276179755338e+01
2.478000000000000114e+01	2.328535304996453803e+01
2.559699999999999775e+01	2.224123869252337116e+01
2.413699999999999690e+01	2.233782175822751981e+01
2.409800000000000253e+01	2.352864864147034751e+01
1.962199999999999989e+01	2.096431194523740871e+01
2.177300000000000324e+01	2.111156323712740246e+01
2.143800000000000239e+01	2.384985539086454054e+01
2.176000000000000156e+01	1.925483409998766504e+01
1.971599999999999753e+01	2.188706230744053727e+01
2.290800000000000125e+01	2.054325113025057448e+01
2.138500000000000156e+01	2.301697120117189854e+01
2.605999999999999872e+01	2.479590032236995611e+01
1.556400000000000006e+01	2.048666131982751537e+01
2.465900000000000247e+01	2.436063683547880032e+01
2.121599999999999753e+01	2.219444518663309651e+01
2.833399999999999963e+01	2.403113688819233928e+01
1.778699999999999903e+01	2.082088803141308020e+01
2.012099999999999866e+01	2.221624667229483663e+01
1.765099999999999980e+01	2.068044058619219783e+01
2.254300000000000281e+01	2.209099552626098273e+01
2.262900000000000134e+01	2.164185072647300601e+01
2.309499999999999886e+01	2.232394453744737461e+01
2.790800000000000125e+01	2.585760338177009032e+01
2.343900000000000006e+01	2.065138610551890608e+01
2.504699999999999704e+01	2.189183445705923248e+01
2.370199999999999818e+01	2.194099012717855146e+01
1.874800000000000111e+01	2.036967771237008407e+01
2.059199999999999875e+01	2.237201186732363212e+01
2.947100000000000009e+01	2.493267674757857577e+01
2.165699999999999648e+01	2.291294935224755847e+01
1.960299999999999798e+01	2.272091802809405081e+01
2.336100000000000065e+01	2.306706792537675099e+01
2.396099999999999852e+01	2.295939639318201486e+01
2.130199999999999960e+01	2.083188473042254785e+01
2.538100000000000023e+01	2.409274070915852306e+01
2.114999999999999858e+01	2.085950782495684663e+01
2.195800000000000196e+01	2.036151614430580992e+01
2.317999999999999972e+01	2.100580538406229181e+01
2.572500000000000142e+01	2.248357838654131768e+01
2.330699999999999861e+01	2.344926357508085246e+01
1.939499999999999957e+01	2.216573939634559309e+01
2.512999999999999901e+01	2.437818028022859096e+01
2.163400000000000034e+01	2.434771075629272730e+01
2.458900000000000219e+01	2.521915689394706206e+01
2.444300000000000139e+01	2.321203660544053804e+01
2.392399999999999949e+01	2.356070796699274794e+01
2.387000000000000099e+01	2.185914208754271471e+01
2.110000000000000142e+01	2.038505484475519935e+01
2.139499999999999957e+01	2.358102287803772512e+01
2.130499999999999972e+01	2.241276901186525095e+01
2.182600000000000051e+01	2.288710165583527711e+01
1.855499999999999972e+01	1.966942663499423460e+01
2.126999999999999957e+01	2.280211235896286581e+01
2.339099999999999824e+01	2.306648574807619667e+01
2.472899999999999920e+01	2.469903683107691350e+01
2.591600000000000037e+01	2.435489567957410273e+01
2.256599999999999895e+01	2.223118289535080550e+01
1.933999999999999986e+01	2.078549990788566149e+01
2.325699999999999790e+01	1.980539918335886895e+01
2.139199999999999946e+01	2.531171553552022502e+01
1.777200000000000202e+01	2.138026801632479845e+01
2.447300000000000253e+01	2.442169173361907397e+01
2.117999999999999972e+01	2.349899992886211209e+01
2.428199999999999648e+01	2.377899175975913693e+01
2.126800000000000068e+01	2.150288255888084876e+01
2.410999999999999943e+01	2.370776696973147679e+01
2.602599999999999980e+01	2.473328546798802563e+01
2.553900000000000148e+01	2.162695235340269662e+01
2.869699999999999918e+01	2.660899547973278345e+01
2.128199999999999648e+01	2.067486208612464083e+01
2.178400000000000247e+01	2.007287903719445765e+01
2.102699999999999747e+01	2.379224442986076937e+01
2.569999999999999929e+01	2.218633194948595744e+01
2.402699999999999747e+01	2.424888865874682509e+01
2.438400000000000034e+01	2.488453880057330991e+01
2.197199999999999775e+01	2.202812305671224280e+01
1.862400000000000233e+01	2.061131000916841671e+01
2.349199999999999733e+01	2.522594998292754909e+01
2.066300000000000026e+01	2.215232273040142985e+01
2.124800000000000111e+01	2.216881100100506785e+01
1.923099999999999810e+01	2.126735636787446282e+01
2.435900000000000176e+01	2.377745795673634888e+01
2.321999999999999886e+01	2.338792193876798109e+01
2.450499999999999901e+01	2.268813566894505485e+01
2.083999999999999986e+01	2.272960953914899207e+01
2.175300000000000011e+01	2.429143748726364294e+01
2.036200000000000188e+01	2.275659128110499552e+01
2.329199999999999804e+01	2.373907249582095957e+01
2.307900000000000063e+01	2.454737616563506819e+01
2.060399999999999920e+01	2.121127242118370404e+01
2.258099999999999952e+01	2.273085506542579282e+01
2.786300000000000310e+01	2.483352812781652119e+01
2.429500000000000171e+01	2.306469617922251203e+01
3.012900000000000134e+01	2.496588387501095596e+01
2.547199999999999775e+01	2.451965442011510987e+01
2.511699999999999733e+01	2.360410149726746454e+01
1.751800000000000068e+01	2.149932340955055921e+01
2.383699999999999974e+01	2.135353895010215552e+01
2.138500000000000156e+01	2.124721141886082876e+01
2.471000000000000085e+01	2.351718671179047249e+01
2.536199999999999832e+01	2.499269388538854741e+01
2.311100000000000065e+01	2.277943044902269776e+01
1.803000000000000114e+01	2.179115846722203287e+01
1.809199999999999875e+01	2.125673585093609219e+01
2.236800000000000210e+01	2.279456362094121502e+01
2.263100000000000023e+01	2.204944831017797924e+01
2.574900000000000233e+01	2.130686787366335722e+01
2.177899999999999991e+01	2.211384782550204164e+01
2.208699999999999974e+01	2.096410307860413980e+01
2.360800000000000054e+01	2.284937075095994530e+01
2.177199999999999847e+01	2.126353438710750510e+01
1.932900000000000063e+01	2.160654155308402125e+01
2.498900000000000077e+01	2.394177453199807815e+01
2.274800000000000111e+01	1.904624986486846083e+01
2.360599999999999810e+01	2.149048694918260693e+01
1.862800000000000011e+01	1.996817916362892831e+01
2.401599999999999824e+01	2.506886479830329151e+01
1.573299999999999876e+01	2.177320892005863939e+01
2.013400000000000034e+01	2.341986533340181609e+01
2.223199999999999932e+01	2.200030579304378264e+01
2.478900000000000148e+01	2.181657070272235188e+01
2.305199999999999960e+01	2.354998984233101567e+01
2.413899999999999935e+01	2.478096179057514803e+01
2.509400000000000119e+01	2.427204832371656096e+01
1.740399999999999991e+01	2.041334863286920864e+01
2.121400000000000219e+01	2.383099360224865393e+01
2.475499999999999901e+01	2.648350134577842141e+01
2.550800000000000267e+01	2.320172268822794948e+01
2.278300000000000125e+01	2.451687046067452869e+01
2.369800000000000040e+01	2.396815675546446300e+01
2.534600000000000009e+01	2.168747758525949720e+01
2.290900000000000247e+01	2.188611495741240276e+01
2.338400000000000034e+01	2.243665834252709246e+01
1.433699999999999974e+01	2.040977172195283629e+01
2.510599999999999810e+01	2.472289582270338215e+01
2.222199999999999775e+01	2.375046590552405235e+01
2.544199999999999662e+01	2.426822527858751144e+01
2.239400000000000190e+01	2.306277304688619267e+01
2.050000000000000000e+01	2.263781281472596874e+01
2.468400000000000105e+01	2.243288132253627154e+01
2.190800000000000125e+01	2.342534401560927293e+01
2.142000000000000171e+01	2.348455539774240464e+01
2.121999999999999886e+01	2.101717736005378612e+01
1.894900000000000162e+01	2.259090792309542195e+01
2.385999999999999943e+01	2.282199428282185139e+01
2.174900000000000233e+01	2.352152622108068059e+01
2.251800000000000068e+01	2.376170854254749898e+01
2.242300000000000182e+01	2.080668981097780090e+01
2.338599999999999923e+01	2.294557435009851432e+01
2.108900000000000219e+01	2.186124541259866660e+01
2.536100000000000065e+01	2.610041310387833846e+01
2.099199999999999733e+01	2.003781804289118185e+01
2.318699999999999761e+01	2.322454414825057967e+01
1.899800000000000111e+01	2.080514938983001727e+01
2.385999999999999943e+01	2.525296366037186857e+01
1.938799999999999812e+01	2.144441878225850573e+01
2.673099999999999810e+01	2.242020403117954785e+01
2.055300000000000082e+01	2.325038997948853492e+01
2.052400000000000091e+01	2.039418790333233389e+01
1.826000000000000156e+01	1.992538654843443524e+01
2.193800000000000239e+01	2.077209236566458017e+01
2.772599999999999909e+01	2.314821277710598224e+01
2.101599999999999824e+01	2.174057277933229315e+01
2.035200000000000031e+01	2.389742212852483760e+01
2.527400000000000091e+01	2.342037097384417521e+01
2.415199999999999747e+01	2.359929675868674437e+01
2.071400000000000219e+01	2.264590301419031348e+01
2.056699999999999662e+01	2.190841330638698992e+01
2.516099999999999781e+01	2.365645069549456636e+01
2.471900000000000119e+01	2.193205476679042576e+01
2.611400000000000077e+01	2.456250019928809891e+01
2.562599999999999767e+01	2.389787669777674850e+01
2.213800000000000168e+01	2.331152416839566399e+01
2.639400000000000190e+01	2.333048382062181147e+01
2.563500000000000156e+01	2.411349348841801188e+01
1.995400000000000063e+01	1.954065210672537489e+01
2.046499999999999986e+01	2.289221353886067334e+01
2.662599999999999767e+01	2.186054286138864100e+01
2.412599999999999767e+01	2.409427880416164669e+01
2.273000000000000043e+01	2.333465601497270114e+01
2.494400000000000261e+01	2.206330873191476272e+01
2.479199999999999804e+01	2.374422648584392803e+01
2.620699999999999719e+01	2.425130366374459356e+01
2.589699999999999847e+01	2.755038190403517362e+01
2.294000000000000128e+01	2.053357692224295050e+01
2.463699999999999690e+01	2.236629120031746609e+01
2.008299999999999841e+01	2.075121627957410908e+01
2.442300000000000182e+01	2.211556109149650595e+01
2.221099999999999852e+01	2.072911267936797586e+01
1.980400000000000205e+01	2.155956180901598884e+01
2.194099999999999895e+01	2.129042225235737007e+01
2.541000000000000014e+01	2.346301180104297401e+01
2.421300000000000097e+01	2.375403292748163864e+01
2.376900000000000190e+01	2.159904573543640893e+01
2.324900000000000233e+01	2.271788065381404920e+01
2.224399999999999977e+01	2.356086452847794632e+01
2.360199999999999676e+01	2.391796369070065253e+01
2.556500000000000128e+01	2.310021600935080599e+01
2.602300000000000324e+01	2.340916167359813471e+01
2.143800000000000239e+01	2.262832138211521382e+01
2.447300000000000253e+01	2.231096419775702344e+01
2.379199999999999804e+01	2.355112703867399304e+01
2.577899999999999991e+01	2.369569669355088948e+01
2.150400000000000134e+01	2.330525666284999176e+01
2.599599999999999866e+01	2.338939931569154496e+01
2.365300000000000225e+01	2.195829042798486341e+01
2.024599999999999866e+01	2.265539454765001892e+01
2.305400000000000205e+01	2.225072911242226681e+01
2.094000000000000128e+01	2.206968536991004370e+01
2.633300000000000196e+01	2.248944950124344544e+01
2.039600000000000080e+01	2.160383284211546950e+01
2.258399999999999963e+01	2.360216255563090115e+01
2.498600000000000065e+01	2.452493075673873690e+01
2.301399999999999935e+01	2.251214425398765329e+01
2.227699999999999747e+01	2.140304490387574532e+01
2.308099999999999952e+01	2.314725648714256678e+01
2.423099999999999810e+01	2.420217364601942123e+01
2.522199999999999775e+01	2.329397773519253434e+01
2.472699999999999676e+01	2.104822197414952356e+01
2.117699999999999960e+01	2.133790542847659921e+01
2.215599999999999881e+01	2.304819669335509502e+01
2.453400000000000247e+01	2.155764034711308241e+01
2.086400000000000077e+01	2.252100016217974598e+01
2.171099999999999852e+01	2.168652337174619049e+01
2.123400000000000176e+01	2.075781943828663145e+01
2.326000000000000156e+01	2.135128665461241937e+01
2.365300000000000225e+01	2.319357984772542025e+01
2.316099999999999781e+01	2.239007971482660864e+01
2.266800000000000281e+01	2.103432223499987685e+01
2.177899999999999991e+01	2.546572616677111256e+01
1.876900000000000190e+01	2.251559727990576576e+01
2.183099999999999952e+01	2.370686015727311613e+01
2.566000000000000014e+01	2.268803423022824362e+01
2.248000000000000043e+01	2.283194448939583765e+01
2.168499999999999872e+01	2.120513489555617070e+01
2.199399999999999977e+01	2.307914591926137504e+01
2.396300000000000097e+01	2.064884855235531091e+01
2.062000000000000099e+01	2.221165126702826242e+01
2.117000000000000171e+01	2.255823214790072839e+01
2.082999999999999829e+01	2.278927571025605303e+01
2.209900000000000020e+01	2.439597979625640178e+01
2.406800000000000139e+01	2.207360697338124567e+01
2.438599999999999923e+01	2.495036883847826203e+01
1.766799999999999926e+01	2.031146534607285403e+01
2.461599999999999966e+01	2.315578297231787985e+01
2.546099999999999852e+01	2.345487164965260263e+01
2.217500000000000071e+01	2.260588607322202037e+01
2.640900000000000247e+01	2.565532852369502237e+01
2.306800000000000139e+01	2.241314527782062171e+01
2.309800000000000253e+01	2.259364758061430223e+01
1.907000000000000028e+01	2.125983249964572863e+01
1.931500000000000128e+01	2.380708268439005693e+01
1.801200000000000045e+01	1.859551572952633691e+01
1.972299999999999898e+01	2.223701788028277804e+01
1.845100000000000051e+01	2.093543739047269980e+01
2.372599999999999909e+01	2.331601971825820030e+01
2.080900000000000105e+01	2.202908414253803215e+01
2.142399999999999949e+01	2.160501732313411338e+01
2.521300000000000097e+01	2.211247707155242637e+01
2.207300000000000040e+01	2.403949713648092157e+01
2.572300000000000253e+01	2.275107270746933708e+01
2.406300000000000239e+01	2.430491143966111522e+01
2.168800000000000239e+01	2.004039360097886657e+01
2.337000000000000099e+01	2.253933798015452439e+01
2.201000000000000156e+01	2.220383368669171986e+01
2.446900000000000119e+01	2.234701683987117349e+01
2.268400000000000105e+01	2.233010870839345685e+01
2.499300000000000210e+01	2.387509244817065479e+01
2.091400000000000148e+01	2.305526249475527223e+01
1.920599999999999952e+01	2.127082669135182869e+01
2.102499999999999858e+01	2.149423429235163852e+01
2.566499999999999915e+01	2.205391151082929824e+01
1.989300000000000068e+01	2.149986684190864494e+01
2.549800000000000111e+01	2.361072049046219945e+01
1.924500000000000099e+01	2.211379659257009322e+01
2.771699999999999875e+01	2.458483331004412875e+01
1.973999999999999844e+01	2.542905311428099324e+01
2.371699999999999875e+01	2.173609474138957864e+01
2.207600000000000051e+01	2.120780190157384482e+01
2.694199999999999662e+01	2.241500025650906736e+01
2.199500000000000099e+01	2.523053592121695488e+01
2.075800000000000267e+01	2.224768611752424263e+01
2.333800000000000097e+01	2.393749581160512108e+01
2.028200000000000003e+01	2.273765264000621400e+01
2.148099999999999810e+01	2.256151970000069795e+01
2.153199999999999648e+01	2.102703488575408031e+01
2.018299999999999983e+01	2.325783455356742380e+01
2.412800000000000011e+01	2.188951870989870230e+01
2.772699999999999676e+01	2.499528477984662089e+01
2.531699999999999662e+01	2.336759003233215282e+01
2.176099999999999923e+01	2.286974376188119962e+01
2.483699999999999974e+01	2.005047084875872443e+01
2.067099999999999937e+01	2.389143407246259443e+01
2.072599999999999909e+01	2.263737885726055765e+01
2.494599999999999795e+01	2.477567058279829837e+01
2.243199999999999861e+01	2.261080994554461299e+01
2.322500000000000142e+01	2.499894813804442961e+01
2.467599999999999838e+01	2.066876490913238840e+01
2.496699999999999875e+01	2.412962800883328995e+01
2.424599999999999866e+01	2.139854057976663171e+01
2.427199999999999847e+01	2.309654223877243595e+01
2.555800000000000338e+01	2.212374905847770279e+01
2.087300000000000111e+01	2.128240406452398403e+01
2.311599999999999966e+01	2.306153258003825357e+01
2.482300000000000040e+01	2.640226360416141560e+01
2.220599999999999952e+01	2.285653696150636094e+01
2.492699999999999960e+01	2.373774690207786975e+01
2.249599999999999866e+01	2.272436338136540002e+01
2.271099999999999852e+01	2.284587046907266839e+01
2.115099999999999980e+01	2.195644363388438336e+01
2.275800000000000267e+01	2.191613765335277009e+01
2.194500000000000028e+01	2.076425375987289712e+01
1.822100000000000009e+01	2.262061840263504919e+01
