2.394699999999999918e+01	2.457235657038797783e+01
2.561100000000000065e+01	2.643326687048504553e+01
2.159400000000000119e+01	2.402922505807412890e+01
2.354500000000000171e+01	2.486790060935180691e+01
2.144699999999999918e+01	2.087188146335670780e+01
2.318599999999999994e+01	2.299626344058012961e+01
2.458199999999999719e+01	2.288582087610302196e+01
2.782900000000000063e+01	2.540592300447358198e+01
2.363199999999999790e+01	2.282947795672705027e+01
1.922599999999999909e+01	2.038455612270777806e+01
2.548900000000000077e+01	2.229383440380485126e+01
2.361199999999999832e+01	2.363894556400231295e+01
2.204699999999999704e+01	2.485997903310857993e+01
2.641499999999999915e+01	2.363358378099304602e+01
2.084600000000000009e+01	2.329510742845028659e+01
2.082600000000000051e+01	2.106101407142066861e+01
2.631500000000000128e+01	2.315840925228503266e+01
2.796599999999999753e+01	2.649860818100888338e+01
2.055699999999999861e+01	2.378769243682406653e+01
2.268499999999999872e+01	2.233351200029989769e+01
1.858500000000000085e+01	2.067977821290023854e+01
2.325199999999999889e+01	2.326073207488506611e+01
2.838599999999999923e+01	2.530887708034868311e+01
2.035399999999999920e+01	2.158615877176691811e+01
2.062400000000000233e+01	2.094847161212699405e+01
1.999800000000000111e+01	2.077670201047978793e+01
2.370499999999999829e+01	2.330045678172248458e+01
2.557499999999999929e+01	2.500434864016950343e+01
2.248699999999999832e+01	2.541193333738442561e+01
2.091800000000000281e+01	2.359138562721251731e+01
2.266499999999999915e+01	2.412887703435573172e+01
2.416800000000000281e+01	2.290230539551639666e+01
2.135699999999999932e+01	2.207450762115443155e+01
2.389699999999999847e+01	2.278605401837095101e+01
2.649399999999999977e+01	2.390191442892258422e+01
1.953500000000000014e+01	2.089173238320018910e+01
2.891099999999999781e+01	2.394419617665331401e+01
2.161100000000000065e+01	2.308740562286557108e+01
2.487300000000000111e+01	2.411631104974917506e+01
2.318900000000000006e+01	2.332779338739064201e+01
1.526299999999999990e+01	2.065850948749928406e+01
2.579400000000000048e+01	2.382663445472070052e+01
2.372800000000000153e+01	2.421550363322964117e+01
2.636699999999999733e+01	2.412286192207658075e+01
2.833300000000000196e+01	2.450919042191915764e+01
2.021300000000000097e+01	2.315133709081544922e+01
2.620800000000000196e+01	2.434082631256915263e+01
2.371300000000000097e+01	2.201152169079539433e+01
2.441300000000000026e+01	2.480777969915511960e+01
2.014199999999999946e+01	1.998842115066016945e+01
2.435599999999999810e+01	2.261109973337591939e+01
2.253800000000000026e+01	2.348165882278293637e+01
2.504500000000000171e+01	2.342758821982840445e+01
1.932600000000000051e+01	2.092698576186415593e+01
2.152100000000000080e+01	2.081169049628459433e+01
2.417199999999999704e+01	2.175310804841674184e+01
2.399199999999999733e+01	2.249603312801021104e+01
2.672199999999999775e+01	2.542140435557583800e+01
2.361800000000000210e+01	2.364721870005649151e+01
2.172500000000000142e+01	2.180057778161188864e+01
2.484099999999999753e+01	2.485532373899890501e+01
2.065800000000000125e+01	2.259951813643358420e+01
2.436800000000000210e+01	2.267318570596884086e+01
2.411599999999999966e+01	2.019013643589840257e+01
2.484400000000000119e+01	2.457157420599412490e+01
1.805300000000000082e+01	2.001984833268299724e+01
2.313800000000000168e+01	2.453543906241601391e+01
2.202300000000000324e+01	2.194260345116437705e+01
2.474800000000000111e+01	2.127571908669458267e+01
1.805900000000000105e+01	2.126482728973273240e+01
1.945100000000000051e+01	2.135065199174814765e+01
2.528699999999999903e+01	2.364797014520921081e+01
2.373300000000000054e+01	2.099997630033256968e+01
1.965500000000000114e+01	2.182622352019623335e+01
2.323600000000000065e+01	2.363031539022447802e+01
2.161199999999999832e+01	2.067811683135128575e+01
2.324500000000000099e+01	2.186326997584576048e+01
2.512300000000000111e+01	2.515910783472883949e+01
2.428099999999999881e+01	2.290242707237954178e+01
2.460699999999999932e+01	2.278429321041265965e+01
2.296599999999999753e+01	2.415473023023678678e+01
2.669300000000000139e+01	2.345382477637952334e+01
1.754200000000000159e+01	2.021463306722649378e+01
2.728699999999999903e+01	2.450701677011439017e+01
2.008299999999999841e+01	2.411412666692324436e+01
2.273300000000000054e+01	2.182652383070595192e+01
2.348300000000000054e+01	2.163834587712163327e+01
1.908500000000000085e+01	2.227257834020905136e+01
2.042299999999999827e+01	1.923413780930297534e+01
1.770299999999999940e+01	2.130088636169330130e+01
2.446400000000000219e+01	2.323618136206143348e+01
2.079500000000000171e+01	2.126697583744257969e+01
2.045499999999999829e+01	2.243513136826318188e+01
2.303099999999999881e+01	2.351322806057321912e+01
2.027299999999999969e+01	1.930437918568693689e+01
2.471800000000000352e+01	2.341315365157206330e+01
2.222199999999999775e+01	2.230756332987311907e+01
1.849399999999999977e+01	2.336420914323831965e+01
2.084800000000000253e+01	2.151127031945876311e+01
2.144599999999999795e+01	2.214864982226049150e+01
1.887800000000000011e+01	2.101530405088497844e+01
2.531099999999999994e+01	2.474307487181321719e+01
1.686899999999999977e+01	1.919408783511095606e+01
2.787000000000000099e+01	2.499923962863701732e+01
2.105300000000000082e+01	2.056380771564809962e+01
1.494900000000000162e+01	1.734487851062081631e+01
1.839099999999999824e+01	1.910399993893551240e+01
2.517900000000000205e+01	2.400662569596011764e+01
2.152699999999999747e+01	2.059716485103876593e+01
2.382600000000000051e+01	2.555614583236873472e+01
1.800400000000000134e+01	2.356581594865435747e+01
2.367300000000000182e+01	2.334581340561811658e+01
2.236699999999999733e+01	2.147436857807055333e+01
2.438400000000000034e+01	2.070708597443941912e+01
2.370100000000000051e+01	2.196667235419160846e+01
2.302699999999999747e+01	2.353648364682278071e+01
2.306500000000000128e+01	2.303548064767171510e+01
2.296300000000000097e+01	2.317676741644360305e+01
2.526199999999999690e+01	2.220720608558166731e+01
2.592399999999999949e+01	2.506937622325937198e+01
2.594900000000000162e+01	2.393309418200816197e+01
1.829799999999999827e+01	1.981514437801786954e+01
2.108500000000000085e+01	2.143885564633381691e+01
2.649099999999999966e+01	2.166000141446717464e+01
1.564599999999999902e+01	2.198403305521859963e+01
2.873400000000000176e+01	2.784314772569535990e+01
2.199300000000000210e+01	2.123812265273666000e+01
2.093400000000000105e+01	2.248219485892768787e+01
2.639600000000000080e+01	2.524153157563041461e+01
2.136300000000000310e+01	2.109342111819220378e+01
2.313899999999999935e+01	2.217323070123847373e+01
2.519300000000000139e+01	2.086236170657261368e+01
2.332300000000000040e+01	2.057393888085342581e+01
2.462500000000000000e+01	2.295212759858514318e+01
1.966199999999999903e+01	2.387082917169653129e+01
2.005599999999999739e+01	2.312655795682421456e+01
1.837699999999999889e+01	2.286272184735821256e+01
1.930000000000000071e+01	2.064682225929318804e+01
2.191499999999999915e+01	2.168971394474523962e+01
2.298099999999999810e+01	2.325150331009341897e+01
2.424199999999999733e+01	2.274526165144635215e+01
2.268199999999999861e+01	2.166048680371769564e+01
2.461300000000000310e+01	2.164972586750458916e+01
2.225000000000000000e+01	2.034287147053662537e+01
2.305999999999999872e+01	2.162081424677686314e+01
2.018700000000000117e+01	2.163300225818885281e+01
2.070300000000000296e+01	2.277799982354655484e+01
1.836799999999999855e+01	2.185557530958535111e+01
2.411699999999999733e+01	2.347712495063111149e+01
2.050300000000000011e+01	2.244172675784870563e+01
2.554800000000000182e+01	2.562480546472942677e+01
2.023799999999999955e+01	2.299419833878911135e+01
1.993299999999999983e+01	2.165950783309036964e+01
2.126999999999999957e+01	2.224698566956222834e+01
2.192099999999999937e+01	2.238937182122396408e+01
2.449099999999999966e+01	2.487967955308990398e+01
1.989600000000000080e+01	2.196064511442422429e+01
2.233099999999999952e+01	2.359616188955415339e+01
2.562000000000000099e+01	2.492736224070010920e+01
2.105800000000000338e+01	2.283077426314464020e+01
2.462699999999999889e+01	2.716970320022227625e+01
2.456699999999999662e+01	2.478624833076465706e+01
2.355099999999999838e+01	2.156058476873951690e+01
2.430800000000000338e+01	2.154899565762944746e+01
1.928500000000000014e+01	2.017442025761982194e+01
2.452199999999999847e+01	2.446761249929045334e+01
1.925000000000000000e+01	2.042252760015828628e+01
2.123400000000000176e+01	2.157231575198976614e+01
2.040700000000000003e+01	2.244533642183711208e+01
1.898999999999999844e+01	2.228057618498302617e+01
1.864099999999999824e+01	2.178816445184911643e+01
2.162300000000000111e+01	2.011357060539802788e+01
2.539999999999999858e+01	2.489044722815676280e+01
2.258300000000000196e+01	2.146927582492340392e+01
2.363599999999999923e+01	2.269647502594850508e+01
2.296000000000000085e+01	2.412817958605806723e+01
2.333900000000000219e+01	2.194418508518481659e+01
2.763899999999999935e+01	2.611122737331016097e+01
2.217699999999999960e+01	2.293177718840223278e+01
2.384900000000000020e+01	2.286449206245201893e+01
2.484099999999999753e+01	2.194454431942590489e+01
2.336300000000000310e+01	2.252959100269496417e+01
2.149300000000000210e+01	2.235153204705259711e+01
2.126500000000000057e+01	2.169787201354213835e+01
2.020799999999999841e+01	1.931259170268926795e+01
1.594900000000000162e+01	2.071620652738226909e+01
2.588100000000000023e+01	2.216578754174685884e+01
2.413199999999999790e+01	2.258908799512458998e+01
2.362699999999999889e+01	2.474481543865513444e+01
2.224800000000000111e+01	2.388771525163601694e+01
2.062099999999999866e+01	2.198024811458626004e+01
2.782800000000000296e+01	2.454145526355322460e+01
2.410599999999999810e+01	2.238647050064765764e+01
2.710699999999999932e+01	2.528128347497713690e+01
2.526300000000000168e+01	2.320973852170986262e+01
2.107800000000000296e+01	2.174614888617633213e+01
1.792200000000000060e+01	2.278041814606820026e+01
2.314300000000000068e+01	2.524411436658757069e+01
2.387400000000000233e+01	2.245463884379274688e+01
2.023300000000000054e+01	2.402541649486531838e+01
2.630199999999999960e+01	2.461302096682232587e+01
2.649099999999999966e+01	2.553648007154812305e+01
2.458399999999999963e+01	2.137935696204847247e+01
2.169500000000000028e+01	2.184908102823378329e+01
2.476199999999999690e+01	2.533215042049596022e+01
2.439499999999999957e+01	2.363532812388985960e+01
2.189499999999999957e+01	2.423271384256232253e+01
2.504199999999999804e+01	2.501638922954424160e+01
2.215500000000000114e+01	2.270561884468419578e+01
2.003000000000000114e+01	2.073396817651083879e+01
2.690800000000000125e+01	2.042570650110736707e+01
2.743699999999999761e+01	2.507371221792485017e+01
2.173699999999999832e+01	2.282121220062737166e+01
2.284900000000000020e+01	2.256624241693995003e+01
2.241900000000000048e+01	2.096834474038507423e+01
2.151199999999999690e+01	2.300863449470647737e+01
2.295400000000000063e+01	2.376345801921907608e+01
2.259099999999999753e+01	2.515126367173471778e+01
2.639999999999999858e+01	2.353143072941051628e+01
2.292599999999999838e+01	2.454943802553556864e+01
2.373000000000000043e+01	2.187487857959066417e+01
2.287099999999999866e+01	2.256538306283343331e+01
2.277199999999999847e+01	2.255204592167081401e+01
2.411499999999999844e+01	2.155213357927181406e+01
2.303800000000000026e+01	2.158751778647182817e+01
1.786299999999999955e+01	2.183008845227321260e+01
1.929299999999999926e+01	2.215167077108968030e+01
2.146800000000000352e+01	2.062355735812344548e+01
2.157699999999999818e+01	2.126460027016917920e+01
2.333300000000000196e+01	2.291197840056297608e+01
2.389099999999999824e+01	2.151017908104119059e+01
2.292999999999999972e+01	2.269706884304289574e+01
2.391400000000000148e+01	2.439588472743232117e+01
2.191499999999999915e+01	2.335310176279660510e+01
2.409699999999999775e+01	2.124545310292851852e+01
2.477300000000000324e+01	2.221700073082078575e+01
2.169300000000000139e+01	2.133153292696550807e+01
2.124399999999999977e+01	2.209484019067595995e+01
2.322100000000000009e+01	2.470004062488753860e+01
2.279500000000000171e+01	2.190486176138580277e+01
2.264199999999999946e+01	2.458093102786835615e+01
2.114800000000000324e+01	2.278919692281508347e+01
2.032700000000000173e+01	2.109595742522483519e+01
2.286400000000000077e+01	2.192961506578904363e+01
2.375600000000000023e+01	2.610082317547234609e+01
1.871099999999999852e+01	2.305745406614571635e+01
2.552199999999999847e+01	2.106321718003207977e+01
1.969900000000000162e+01	2.157353548649018293e+01
2.288400000000000034e+01	2.186880570063366847e+01
2.176999999999999957e+01	2.031773993675616907e+01
2.344599999999999795e+01	2.287347961606850788e+01
2.471999999999999886e+01	2.424394899272540371e+01
2.160000000000000142e+01	2.169530843664605513e+01
2.080999999999999872e+01	2.033575408604004409e+01
2.186899999999999977e+01	2.251135435317680944e+01
2.382400000000000162e+01	2.530750400743961137e+01
2.269900000000000162e+01	2.287639598203451641e+01
2.160900000000000176e+01	2.338442954552231612e+01
2.166900000000000048e+01	2.114663438020670938e+01
1.855599999999999739e+01	2.288153310066961055e+01
2.054400000000000048e+01	2.024973741770442004e+01
2.261499999999999844e+01	2.267035183611702109e+01
2.579199999999999804e+01	2.370363252668977694e+01
2.454300000000000281e+01	2.318580271317029684e+01
2.090800000000000125e+01	2.250178910046822622e+01
2.174900000000000233e+01	2.079185154811455050e+01
2.416800000000000281e+01	2.158097912333495216e+01
2.433300000000000196e+01	2.139424082474467426e+01
2.510800000000000054e+01	2.342974904158596416e+01
2.212699999999999889e+01	2.156574857474921103e+01
2.470800000000000196e+01	2.219625902537842776e+01
2.523300000000000054e+01	2.223747504319091206e+01
2.313100000000000023e+01	2.461191527605249263e+01
2.179400000000000048e+01	1.914307470256906996e+01
2.048499999999999943e+01	2.322670433889532760e+01
2.110699999999999932e+01	2.231634182237179687e+01
2.397100000000000009e+01	2.174796460664302344e+01
2.488899999999999935e+01	2.217112840355940051e+01
2.207099999999999795e+01	2.151658253367805429e+01
2.172599999999999909e+01	2.220479975164540321e+01
2.722100000000000009e+01	2.541250679822335101e+01
2.381500000000000128e+01	2.362663656628135200e+01
2.571900000000000119e+01	2.254928133706987481e+01
2.243800000000000239e+01	2.430308766635851825e+01
2.130000000000000071e+01	2.202437939715030879e+01
1.961200000000000188e+01	2.361741461011965626e+01
2.537099999999999866e+01	2.363054141177317646e+01
2.553599999999999781e+01	2.324228331615501020e+01
2.417599999999999838e+01	2.300919639564219210e+01
2.494300000000000139e+01	2.671327365021448941e+01
2.104699999999999704e+01	2.272295440107363618e+01
2.755400000000000205e+01	2.309867367848055864e+01
2.580900000000000105e+01	2.651663678130202939e+01
2.605300000000000082e+01	2.159224553155168280e+01
2.482300000000000040e+01	2.510316152881169316e+01
2.095499999999999829e+01	2.226354445877822030e+01
2.243300000000000338e+01	2.148908095117522876e+01
2.404699999999999704e+01	2.413603940362343536e+01
2.199699999999999989e+01	2.457375374636604093e+01
2.536400000000000077e+01	2.347232639756104078e+01
2.613899999999999935e+01	2.312482011989042618e+01
2.129800000000000182e+01	2.132439942394708865e+01
2.169500000000000028e+01	2.132091596384704246e+01
2.079500000000000171e+01	1.968191958265573760e+01
2.258599999999999852e+01	2.439645923014712281e+01
2.071800000000000352e+01	2.150609711497921950e+01
2.200099999999999767e+01	2.238771376491916243e+01
2.687099999999999866e+01	2.763893956545228647e+01
1.971000000000000085e+01	2.120903715990824878e+01
1.725600000000000023e+01	1.871493030569448024e+01
2.216800000000000281e+01	1.931514976347392576e+01
2.283500000000000085e+01	2.187135812173914218e+01
2.379199999999999804e+01	2.477564993841464869e+01
2.019000000000000128e+01	2.178104572478672551e+01
1.909400000000000119e+01	2.306715547996441629e+01
2.360800000000000054e+01	2.323146755710804356e+01
2.624099999999999966e+01	2.669102243165225730e+01
2.295300000000000296e+01	2.479606388041819542e+01
2.367699999999999960e+01	2.193252440123597680e+01
1.796199999999999974e+01	1.707249568714079047e+01
2.455099999999999838e+01	2.664725823903984647e+01
2.705900000000000105e+01	2.631226097679188669e+01
2.542199999999999704e+01	2.431362390654526706e+01
2.375400000000000134e+01	2.377608715138200068e+01
1.640200000000000102e+01	2.123003707788063466e+01
1.940599999999999881e+01	2.145015989137965917e+01
2.114099999999999824e+01	2.127942122445955064e+01
2.443400000000000105e+01	2.404101640619195379e+01
2.274900000000000233e+01	2.177558498890554972e+01
2.254899999999999949e+01	2.092390075134056815e+01
2.084499999999999886e+01	2.306409499186089107e+01
2.200800000000000267e+01	1.923038141309492843e+01
2.136499999999999844e+01	2.408140340440526472e+01
1.735399999999999920e+01	2.037162253859230887e+01
2.677899999999999991e+01	2.498618834557580470e+01
2.546900000000000119e+01	2.525178494180258326e+01
2.811599999999999966e+01	2.610860992198061581e+01
2.378500000000000014e+01	2.383927529287273828e+01
2.370499999999999829e+01	2.480025117253994793e+01
2.033999999999999986e+01	2.269785698165217624e+01
2.449399999999999977e+01	2.394952202802765129e+01
2.340699999999999648e+01	2.446329665987964219e+01
2.245699999999999719e+01	2.047906098862667790e+01
2.043299999999999983e+01	2.403651189064861526e+01
2.500400000000000134e+01	2.392412854033518954e+01
1.755000000000000071e+01	2.062973369636996424e+01
2.614499999999999957e+01	2.367601572460695181e+01
2.166099999999999781e+01	2.101853530310206253e+01
2.161899999999999977e+01	2.259124784574272482e+01
2.192300000000000182e+01	2.280714004561502506e+01
2.171400000000000219e+01	2.342288536060315352e+01
2.263599999999999923e+01	2.373284272700735187e+01
2.484699999999999775e+01	2.524510445251088342e+01
2.544099999999999895e+01	2.339736889800257913e+01
2.076999999999999957e+01	2.090395334022708695e+01
1.843200000000000216e+01	2.219200775331080422e+01
2.363100000000000023e+01	2.425960296639031810e+01
2.481500000000000128e+01	2.392876625242638156e+01
2.428699999999999903e+01	1.988335780342409009e+01
2.489199999999999946e+01	2.392423658972102629e+01
2.432000000000000028e+01	2.509247829514745831e+01
2.544400000000000261e+01	2.249109447660779182e+01
1.774200000000000088e+01	1.813403553937210333e+01
2.626800000000000068e+01	2.432144140182039393e+01
2.595400000000000063e+01	2.408366209290187854e+01
2.462099999999999866e+01	2.335354220381801227e+01
2.839600000000000080e+01	2.486958312663534443e+01
2.105000000000000071e+01	2.285294153065025924e+01
1.914700000000000202e+01	2.004119134260685442e+01
2.036899999999999977e+01	2.220173700039044817e+01
1.989000000000000057e+01	2.061356355898395520e+01
2.906500000000000128e+01	2.645091049398655869e+01
2.274800000000000111e+01	2.232726747235876630e+01
1.743700000000000117e+01	2.099785547174120026e+01
2.100300000000000011e+01	2.197215810772011579e+01
1.813599999999999923e+01	2.167069317153405450e+01
2.278400000000000247e+01	1.973438903230130492e+01
2.576699999999999946e+01	2.082203826185457629e+01
2.165199999999999747e+01	2.216237399922564322e+01
2.264999999999999858e+01	2.388282547673728118e+01
1.948700000000000188e+01	1.958776554288085947e+01
2.504400000000000048e+01	2.457604321715999873e+01
2.362999999999999901e+01	2.545755245182788684e+01
1.909900000000000020e+01	2.305095084191404098e+01
2.361599999999999966e+01	2.305937561402924274e+01
2.100099999999999767e+01	1.967219859001924931e+01
2.209400000000000119e+01	2.483732615287792456e+01
2.585199999999999676e+01	2.463982084512601745e+01
2.104400000000000048e+01	2.297974182777838692e+01
2.270800000000000196e+01	2.201320060330196782e+01
2.531900000000000261e+01	2.553203852929523876e+01
2.184800000000000253e+01	2.075428460768080896e+01
1.912300000000000111e+01	2.336481956125854254e+01
1.899900000000000233e+01	2.481736178027081152e+01
2.566000000000000014e+01	2.420554977622648707e+01
1.708399999999999963e+01	2.286564212305666288e+01
2.471300000000000097e+01	2.178123434803509184e+01
1.778200000000000003e+01	2.299823923489991273e+01
2.024699999999999989e+01	1.994954268687546417e+01
2.335500000000000043e+01	2.332321692028578042e+01
2.703900000000000148e+01	2.586170793321070605e+01
2.312699999999999889e+01	2.202543780394363182e+01
2.412400000000000233e+01	2.196049205504829160e+01
1.995100000000000051e+01	2.118479346898316251e+01
2.237500000000000000e+01	2.188669052879610177e+01
2.000600000000000023e+01	2.236982946650337212e+01
2.292300000000000182e+01	2.225451739818617725e+01
2.663100000000000023e+01	2.360424689770587392e+01
2.041799999999999926e+01	2.121351750322064333e+01
2.074500000000000099e+01	1.995646094918098612e+01
2.213500000000000156e+01	2.222076871173181090e+01
2.237699999999999889e+01	2.239049679153627181e+01
2.555199999999999960e+01	2.312747729762639537e+01
2.013799999999999812e+01	2.239382718282659113e+01
2.134199999999999875e+01	2.206893901057568286e+01
2.362400000000000233e+01	2.106165023553342408e+01
1.864900000000000091e+01	2.111858951565924514e+01
2.442199999999999704e+01	2.254640244573699448e+01
2.342999999999999972e+01	2.322529784164170152e+01
2.360199999999999676e+01	2.397423278799200475e+01
2.550600000000000023e+01	2.522014997315706353e+01
2.193599999999999994e+01	2.138611921225280099e+01
1.546499999999999986e+01	2.016296498721424868e+01
2.407300000000000040e+01	2.149659562794764867e+01
2.173800000000000310e+01	2.358764089942695108e+01
2.220699999999999719e+01	2.015158070817621905e+01
1.948300000000000054e+01	2.035416319280563258e+01
2.072400000000000020e+01	2.240421616874235511e+01
1.796099999999999852e+01	2.154630618427251676e+01
2.567500000000000071e+01	2.586970830928889242e+01
2.236199999999999832e+01	2.122114881717804380e+01
1.923499999999999943e+01	2.253658345306174837e+01
2.276699999999999946e+01	2.574778660761271354e+01
2.402400000000000091e+01	2.457164214219026732e+01
2.395300000000000296e+01	2.162936539654959134e+01
2.417699999999999960e+01	2.262457546937464770e+01
2.464300000000000068e+01	2.126287135647770654e+01
2.578000000000000114e+01	2.385152949896275132e+01
1.797599999999999909e+01	2.038556382110891008e+01
1.430900000000000105e+01	2.074426375134950007e+01
2.384699999999999775e+01	2.294645323478389898e+01
1.904500000000000171e+01	2.162652160752396568e+01
1.763700000000000045e+01	2.136798653163707229e+01
2.183900000000000219e+01	2.069194203822904043e+01
2.310099999999999909e+01	2.268355629448656785e+01
2.125199999999999889e+01	2.370220384125801161e+01
2.745300000000000296e+01	2.625179060399534947e+01
2.056099999999999994e+01	2.095689973423253605e+01
1.997400000000000020e+01	2.151345083460648056e+01
2.207699999999999818e+01	2.103343144867639936e+01
2.407499999999999929e+01	2.569668245394521477e+01
2.507499999999999929e+01	2.539038518921813647e+01
2.596999999999999886e+01	2.402575592424955531e+01
2.144199999999999662e+01	2.196102588618456153e+01
1.995700000000000074e+01	2.184610305175283074e+01
2.146400000000000219e+01	2.315306230528721798e+01
2.386899999999999977e+01	2.229895445428444845e+01
2.425000000000000000e+01	2.267297099798959081e+01
2.025700000000000145e+01	2.182573357624229970e+01
1.774699999999999989e+01	2.017046098314743929e+01
2.351599999999999824e+01	2.249612470509063655e+01
2.521099999999999852e+01	2.105084526443881288e+01
2.625699999999999790e+01	2.395568329903622740e+01
2.505000000000000071e+01	2.476000423149678653e+01
2.305300000000000082e+01	2.424795972292134749e+01
2.388400000000000034e+01	2.237989653870393170e+01
2.289999999999999858e+01	2.169133013905239693e+01
2.540500000000000114e+01	2.503228197947435518e+01
2.370199999999999818e+01	2.257382577996272133e+01
2.335800000000000054e+01	2.530899458556807957e+01
2.219199999999999662e+01	2.168745695922982364e+01
2.589199999999999946e+01	2.426879832048391350e+01
2.341199999999999903e+01	2.238654668024651073e+01
2.401000000000000156e+01	2.583309373537662879e+01
2.746000000000000085e+01	2.709246453300874080e+01
2.238500000000000156e+01	2.228475349064962430e+01
2.320899999999999963e+01	2.456376666847314993e+01
2.207199999999999918e+01	2.535778312412042368e+01
2.224900000000000233e+01	2.241010273453419899e+01
1.958900000000000219e+01	2.178979462974469783e+01
2.516499999999999915e+01	2.259410312987812119e+01
2.477699999999999747e+01	2.344265073287000689e+01
2.021999999999999886e+01	2.101541190546966575e+01
1.887599999999999767e+01	2.339396486705545186e+01
2.167699999999999960e+01	2.327995870359757191e+01
2.226999999999999957e+01	2.233427166576979062e+01
1.942399999999999949e+01	1.853539919602394903e+01
2.594000000000000128e+01	2.451115535572778370e+01
2.455000000000000071e+01	2.517845175255924772e+01
2.130800000000000338e+01	2.072470199718950212e+01
2.323699999999999832e+01	2.269529336349612691e+01
2.236899999999999977e+01	2.398313984874231508e+01
2.353300000000000125e+01	2.233941991289363216e+01
2.119500000000000028e+01	2.464430960632904899e+01
2.132499999999999929e+01	2.250079700653429171e+01
1.788500000000000156e+01	1.881093347482381972e+01
2.210599999999999810e+01	2.472223482697268793e+01
2.343300000000000338e+01	2.344347222983579471e+01
2.379199999999999804e+01	2.293114685664687968e+01
1.580799999999999983e+01	2.011061384780543904e+01
2.148000000000000043e+01	2.232388965901476752e+01
1.970499999999999829e+01	2.256624937884547322e+01
2.127499999999999858e+01	2.082656828270222604e+01
2.549800000000000111e+01	2.335904242107535111e+01
2.448400000000000176e+01	2.399066649202639567e+01
2.845599999999999952e+01	2.364117357779209883e+01
2.172800000000000153e+01	2.244729435908838511e+01
2.489499999999999957e+01	2.254169074854881316e+01
2.335900000000000176e+01	2.404548774773006770e+01
2.153999999999999915e+01	2.193282760183155133e+01
2.265199999999999747e+01	2.141313005342410847e+01
2.019299999999999784e+01	2.281751783367439046e+01
1.920200000000000173e+01	2.234077113693533789e+01
1.792800000000000082e+01	2.050833735852511097e+01
2.235699999999999932e+01	2.142758364736983268e+01
2.539300000000000068e+01	2.169221925782614591e+01
2.118499999999999872e+01	2.134363648880383479e+01
2.509699999999999775e+01	2.328228222313668638e+01
2.149399999999999977e+01	2.035387883704063583e+01
2.262400000000000233e+01	2.339766538010560382e+01
2.858699999999999974e+01	2.616359618953549315e+01
2.099099999999999966e+01	2.148596994865730281e+01
2.624500000000000099e+01	2.269980179532316100e+01
2.457400000000000162e+01	2.470466679658111531e+01
2.180099999999999838e+01	2.135968540933461668e+01
2.115099999999999980e+01	2.276940930425792686e+01
2.458699999999999974e+01	2.372433002984873696e+01
2.438400000000000034e+01	2.262051283652496636e+01
2.275099999999999767e+01	2.090561215207775447e+01
2.415199999999999747e+01	2.448487341901695302e+01
1.937000000000000099e+01	2.107662989648206064e+01
2.246599999999999753e+01	2.246012777709188057e+01
2.613300000000000267e+01	2.366293862264625858e+01
2.537599999999999767e+01	2.257755061579709732e+01
2.315399999999999991e+01	2.205840937930124923e+01
1.989300000000000068e+01	2.163660454892700358e+01
1.917699999999999960e+01	2.291622839262221589e+01
2.433099999999999952e+01	2.514441472214160811e+01
2.230400000000000205e+01	2.459524277341427378e+01
2.157300000000000040e+01	2.289730984260733493e+01
2.110699999999999932e+01	2.094312211073996011e+01
2.063300000000000267e+01	2.351475907442144120e+01
1.544599999999999973e+01	2.092255164798730860e+01
2.357600000000000051e+01	2.368052995564576335e+01
2.235800000000000054e+01	2.139788206144514504e+01
1.795200000000000173e+01	2.082819263123937503e+01
2.687900000000000134e+01	2.161901708980336423e+01
2.442500000000000071e+01	2.123711359122634335e+01
2.330800000000000338e+01	2.149013215966425605e+01
2.089000000000000057e+01	2.181960238819223363e+01
2.400900000000000034e+01	2.313259337532574023e+01
2.204199999999999804e+01	2.480834382673004157e+01
2.014499999999999957e+01	2.064511824328444334e+01
2.311699999999999733e+01	2.046747253726440974e+01
2.848600000000000065e+01	2.453598629273855991e+01
1.912000000000000099e+01	2.112501006367735101e+01
2.239000000000000057e+01	2.469827779235705378e+01
2.116699999999999804e+01	2.213465436523998520e+01
1.917500000000000071e+01	2.146596818394705508e+01
1.958900000000000219e+01	2.286573764784580831e+01
2.213899999999999935e+01	2.163021947942292300e+01
1.976399999999999935e+01	2.108225534212267860e+01
2.908999999999999986e+01	2.734987287414311652e+01
1.835099999999999909e+01	2.150515232318025838e+01
2.201500000000000057e+01	2.284321382285369850e+01
1.461800000000000033e+01	1.960333099550721414e+01
2.065300000000000225e+01	2.285257090339991137e+01
1.964499999999999957e+01	2.053967859764662407e+01
1.855799999999999983e+01	2.133055823930565253e+01
2.220499999999999829e+01	2.042661782395135717e+01
2.486899999999999977e+01	2.303203278155196188e+01
2.170599999999999952e+01	2.164604294508162496e+01
2.175000000000000000e+01	2.194301173818159256e+01
2.452300000000000324e+01	2.397636445460486243e+01
2.059099999999999753e+01	2.263055289761946298e+01
2.158599999999999852e+01	2.121839799752876843e+01
2.456800000000000139e+01	2.308175377876432677e+01
2.545400000000000063e+01	2.409407603411199972e+01
2.307000000000000028e+01	2.393019663032254840e+01
2.450099999999999767e+01	2.468583940606770710e+01
2.371499999999999986e+01	2.635520077620343926e+01
1.914999999999999858e+01	2.122959058111678132e+01
2.397100000000000009e+01	2.510181402616537483e+01
2.042900000000000205e+01	2.380623075602364125e+01
2.110900000000000176e+01	2.320296859280969315e+01
1.993799999999999883e+01	2.412801899451818954e+01
2.190099999999999980e+01	2.147331791412803170e+01
2.349500000000000099e+01	2.146858277245527447e+01
2.216499999999999915e+01	2.163439171749193690e+01
2.015200000000000102e+01	2.249887360241417156e+01
2.066800000000000281e+01	2.302944920466902445e+01
2.093199999999999861e+01	2.237105230351271956e+01
1.798400000000000176e+01	2.025508109318844063e+01
2.357499999999999929e+01	2.201541802071585963e+01
2.615500000000000114e+01	2.452150724834762130e+01
2.014400000000000190e+01	2.119118791503530730e+01
2.274500000000000099e+01	2.189451988091423118e+01
2.312999999999999901e+01	2.189242379366528723e+01
2.657400000000000162e+01	2.441064148049841975e+01
2.094699999999999918e+01	2.314100737817419073e+01
2.260099999999999909e+01	2.133596405710639488e+01
2.333999999999999986e+01	2.471930562636665485e+01
2.116600000000000037e+01	2.110877629254001775e+01
2.164199999999999946e+01	2.165924271377081567e+01
2.089099999999999824e+01	2.239300272442639894e+01
2.086100000000000065e+01	2.368768584444089953e+01
2.308500000000000085e+01	2.338942721134490554e+01
2.634300000000000352e+01	2.338464084143116040e+01
2.327800000000000225e+01	2.397217569056623532e+01
2.031299999999999883e+01	2.151354282988060973e+01
2.268800000000000239e+01	2.188457534365623047e+01
2.294599999999999795e+01	2.507771110965381567e+01
2.079599999999999937e+01	2.253304518456713978e+01
2.479699999999999704e+01	2.529264082819108239e+01
1.632199999999999918e+01	2.137784083283820280e+01
2.411800000000000210e+01	2.213319475807774239e+01
2.286899999999999977e+01	2.651286621371805907e+01
2.332600000000000051e+01	2.700727776752410847e+01
1.984600000000000009e+01	2.135472674356712020e+01
2.433399999999999963e+01	2.234803673649304301e+01
2.182800000000000296e+01	2.257518279468410327e+01
2.662300000000000111e+01	2.462913434212487473e+01
2.023400000000000176e+01	2.186187489310430365e+01
2.301000000000000156e+01	2.142074223179724157e+01
2.122899999999999920e+01	1.965108031471511651e+01
2.383900000000000219e+01	2.332644764866942211e+01
2.525699999999999790e+01	2.459958652985164917e+01
2.727199999999999847e+01	2.520355325021377624e+01
2.230599999999999739e+01	2.083350413381032595e+01
2.091699999999999804e+01	2.097874423756382711e+01
2.191099999999999781e+01	2.408084069314660880e+01
2.694500000000000028e+01	2.428043354470147008e+01
2.121099999999999852e+01	2.033536426186716284e+01
2.390199999999999747e+01	2.392045922974912742e+01
2.049500000000000099e+01	2.139136242374163643e+01
1.856200000000000117e+01	1.995962917019141969e+01
2.011499999999999844e+01	2.320683406343160371e+01
2.569000000000000128e+01	2.466069128850553938e+01
2.249500000000000099e+01	2.328188055763304476e+01
2.246099999999999852e+01	2.277755225688265384e+01
1.469700000000000095e+01	2.089192195881970449e+01
1.929100000000000037e+01	2.181333170365548924e+01
1.946799999999999997e+01	2.029746730016067247e+01
2.143599999999999994e+01	2.060034511899043608e+01
2.226300000000000168e+01	2.038947201770036699e+01
2.254800000000000182e+01	2.245759825292424239e+01
2.437000000000000099e+01	2.444766824942941241e+01
2.468699999999999761e+01	2.253511251108309210e+01
2.361199999999999832e+01	2.408310936167919181e+01
2.351399999999999935e+01	2.319226182721110163e+01
2.275000000000000000e+01	2.334177992158927495e+01
2.771000000000000085e+01	2.600288742581716761e+01
2.176300000000000168e+01	2.058286130962681426e+01
2.103300000000000125e+01	2.230829684011816738e+01
1.877799999999999869e+01	2.136594409403695849e+01
2.144800000000000040e+01	2.341055644204385189e+01
2.195599999999999952e+01	2.143870484685074018e+01
2.391099999999999781e+01	2.275919282127446408e+01
2.230499999999999972e+01	2.446046782094252592e+01
2.685199999999999676e+01	2.262549088263609676e+01
2.196900000000000119e+01	2.161650025091317673e+01
2.612199999999999989e+01	2.319528997700483330e+01
2.241900000000000048e+01	2.371250332727138854e+01
2.502899999999999991e+01	2.324104208829689355e+01
1.752299999999999969e+01	2.458376453618305746e+01
2.157800000000000296e+01	2.351471014668173254e+01
2.655800000000000338e+01	2.264197772605556480e+01
2.655000000000000071e+01	2.385630138442977000e+01
2.115199999999999747e+01	2.095572047674768967e+01
1.948700000000000188e+01	2.051506184134637678e+01
2.297899999999999920e+01	2.312647321833270198e+01
2.233300000000000196e+01	2.041195497689352223e+01
2.397100000000000009e+01	2.268048660058471455e+01
2.292599999999999838e+01	2.281180956213878730e+01
2.295899999999999963e+01	2.483538945229679484e+01
1.877299999999999969e+01	2.383466915073555370e+01
2.446599999999999753e+01	2.769481357440511360e+01
2.480400000000000205e+01	2.163901360411891162e+01
2.184900000000000020e+01	2.276989868981126008e+01
1.711400000000000077e+01	1.942886413965732473e+01
2.607099999999999795e+01	2.422384891975642773e+01
2.555800000000000338e+01	2.669126093243896847e+01
2.202499999999999858e+01	2.505437293679745991e+01
1.891000000000000014e+01	2.381277071106685383e+01
1.870200000000000173e+01	2.238498210214343942e+01
2.187400000000000233e+01	2.188856003428067609e+01
2.427899999999999991e+01	2.190836377437960536e+01
2.478000000000000114e+01	2.248712927085914970e+01
2.559699999999999775e+01	2.277389857265305295e+01
2.413699999999999690e+01	2.138456989689496979e+01
2.409800000000000253e+01	2.381178327677339013e+01
1.962199999999999989e+01	1.975326947165883240e+01
2.177300000000000324e+01	2.140444217487888778e+01
2.143800000000000239e+01	2.438662677171016213e+01
2.176000000000000156e+01	2.116458260433287464e+01
1.971599999999999753e+01	2.256899002863004711e+01
2.290800000000000125e+01	2.069987628069831942e+01
2.138500000000000156e+01	2.310920121112658876e+01
2.605999999999999872e+01	2.475948648254788154e+01
1.556400000000000006e+01	1.923631633829820231e+01
2.465900000000000247e+01	2.498582008975974489e+01
2.121599999999999753e+01	2.170557513379528203e+01
2.833399999999999963e+01	2.505051003406116550e+01
1.778699999999999903e+01	2.000231560127631170e+01
2.012099999999999866e+01	2.165551858066296376e+01
1.765099999999999980e+01	2.072054076426769242e+01
2.254300000000000281e+01	2.235273677170032869e+01
2.262900000000000134e+01	2.095084597025512352e+01
2.309499999999999886e+01	2.231308264334376190e+01
2.790800000000000125e+01	2.585913689533337845e+01
2.343900000000000006e+01	1.998721823106106399e+01
2.504699999999999704e+01	2.271579458867897472e+01
2.370199999999999818e+01	2.173202353689022814e+01
1.874800000000000111e+01	1.891184923693162645e+01
2.059199999999999875e+01	2.197408429653183148e+01
2.947100000000000009e+01	2.523333870242415244e+01
2.165699999999999648e+01	2.295935438438127818e+01
1.960299999999999798e+01	2.259951605303523081e+01
2.336100000000000065e+01	2.205064801075904768e+01
2.396099999999999852e+01	2.181134243094411929e+01
2.130199999999999960e+01	2.112558506802389147e+01
2.538100000000000023e+01	2.476189175141669452e+01
2.114999999999999858e+01	2.045405346198522878e+01
2.195800000000000196e+01	2.058444243159366494e+01
2.317999999999999972e+01	2.078109188892474180e+01
2.572500000000000142e+01	2.123512825418055883e+01
2.330699999999999861e+01	2.441588171635996218e+01
1.939499999999999957e+01	2.273358235754699663e+01
2.512999999999999901e+01	2.452916292168990609e+01
2.163400000000000034e+01	2.282601811075900500e+01
2.458900000000000219e+01	2.476699402325984778e+01
2.444300000000000139e+01	2.361288566882747730e+01
2.392399999999999949e+01	2.343493632694706719e+01
2.387000000000000099e+01	2.253161718923740153e+01
2.110000000000000142e+01	1.820140507487665005e+01
2.139499999999999957e+01	2.346054471752227144e+01
2.130499999999999972e+01	2.227946997250063532e+01
2.182600000000000051e+01	2.255139990664825689e+01
1.855499999999999972e+01	1.867606515532460776e+01
2.126999999999999957e+01	2.363478904973688088e+01
2.339099999999999824e+01	2.298857970416113972e+01
2.472899999999999920e+01	2.404737170082192321e+01
2.591600000000000037e+01	2.383498332894899363e+01
2.256599999999999895e+01	2.119942309460764207e+01
1.933999999999999986e+01	2.163630378344696226e+01
2.325699999999999790e+01	2.125860416819329402e+01
2.139199999999999946e+01	2.393402487864177886e+01
1.777200000000000202e+01	2.082236926464746318e+01
2.447300000000000253e+01	2.435088014340890794e+01
2.117999999999999972e+01	2.174712616112489627e+01
2.428199999999999648e+01	2.371777186112213442e+01
2.126800000000000068e+01	2.261451798297184723e+01
2.410999999999999943e+01	2.300931760210683308e+01
2.602599999999999980e+01	2.491485706858619054e+01
2.553900000000000148e+01	2.192511852974005393e+01
2.869699999999999918e+01	2.642239239698296061e+01
2.128199999999999648e+01	2.210243008741309012e+01
2.178400000000000247e+01	2.057513385832565334e+01
2.102699999999999747e+01	2.395072945561340561e+01
2.569999999999999929e+01	2.148908312715115798e+01
2.402699999999999747e+01	2.439578724808141885e+01
2.438400000000000034e+01	2.586691987956421457e+01
2.197199999999999775e+01	2.352680950186701381e+01
1.862400000000000233e+01	2.112916792545243894e+01
2.349199999999999733e+01	2.655265670680168810e+01
2.066300000000000026e+01	2.188089134980260653e+01
2.124800000000000111e+01	2.280919555261044351e+01
1.923099999999999810e+01	2.032814732311362604e+01
2.435900000000000176e+01	2.260438728009083675e+01
2.321999999999999886e+01	2.370775330411980164e+01
2.450499999999999901e+01	2.273404709857307182e+01
2.083999999999999986e+01	2.262877950992447396e+01
2.175300000000000011e+01	2.580633627208860759e+01
2.036200000000000188e+01	2.202976871118641355e+01
2.329199999999999804e+01	2.458382624717569342e+01
2.307900000000000063e+01	2.471861086897786208e+01
2.060399999999999920e+01	2.114835135759166107e+01
2.258099999999999952e+01	2.375876381364362899e+01
2.786300000000000310e+01	2.302979113810988210e+01
2.429500000000000171e+01	2.257982214425107514e+01
3.012900000000000134e+01	2.646696482643388393e+01
2.547199999999999775e+01	2.394731966211935514e+01
2.511699999999999733e+01	2.387271140498780753e+01
1.751800000000000068e+01	2.024817335634258342e+01
2.383699999999999974e+01	2.081606189013061226e+01
2.138500000000000156e+01	2.182889745824096295e+01
2.471000000000000085e+01	2.228983915426884366e+01
2.536199999999999832e+01	2.561179002106196734e+01
2.311100000000000065e+01	2.330642724091773843e+01
1.803000000000000114e+01	2.207358269389616723e+01
1.809199999999999875e+01	2.131251732515328712e+01
2.236800000000000210e+01	2.219266979469059109e+01
2.263100000000000023e+01	2.325967473043061062e+01
2.574900000000000233e+01	2.200134612341792817e+01
2.177899999999999991e+01	2.217833108077770987e+01
2.208699999999999974e+01	2.150614326826791256e+01
2.360800000000000054e+01	2.186379038229397054e+01
2.177199999999999847e+01	2.094447799125055809e+01
1.932900000000000063e+01	2.269845454072762436e+01
2.498900000000000077e+01	2.368357067998825016e+01
2.274800000000000111e+01	1.889627947097171301e+01
2.360599999999999810e+01	2.093381624995384982e+01
1.862800000000000011e+01	2.011247142035443858e+01
2.401599999999999824e+01	2.510254267152743779e+01
1.573299999999999876e+01	2.060139173715410266e+01
2.013400000000000034e+01	2.336741290779297486e+01
2.223199999999999932e+01	2.126441983601793595e+01
2.478900000000000148e+01	2.175725721565513382e+01
2.305199999999999960e+01	2.366972716529706489e+01
2.413899999999999935e+01	2.427114421888476414e+01
2.509400000000000119e+01	2.368521083871237209e+01
1.740399999999999991e+01	2.005490978911544531e+01
2.121400000000000219e+01	2.280320689980260340e+01
2.475499999999999901e+01	2.647775210612468300e+01
2.550800000000000267e+01	2.317436518196527828e+01
2.278300000000000125e+01	2.388404371736395504e+01
2.369800000000000040e+01	2.364129424555085990e+01
2.534600000000000009e+01	2.149925235489041953e+01
2.290900000000000247e+01	2.194078653085467323e+01
2.338400000000000034e+01	2.356469750194585089e+01
1.433699999999999974e+01	1.891777893622952433e+01
2.510599999999999810e+01	2.427387664671228862e+01
2.222199999999999775e+01	2.396384954742640261e+01
2.544199999999999662e+01	2.339637395824955135e+01
2.239400000000000190e+01	2.298001742603515041e+01
2.050000000000000000e+01	2.251565917757320889e+01
2.468400000000000105e+01	2.255986326606966585e+01
2.190800000000000125e+01	2.258135858636630289e+01
2.142000000000000171e+01	2.362711433057135224e+01
2.121999999999999886e+01	2.101522883050319024e+01
1.894900000000000162e+01	2.187886430194030751e+01
2.385999999999999943e+01	2.349438551066379333e+01
2.174900000000000233e+01	2.275835933228814412e+01
2.251800000000000068e+01	2.430148010935830882e+01
2.242300000000000182e+01	2.099764873722310199e+01
2.338599999999999923e+01	2.192255313049055232e+01
2.108900000000000219e+01	2.186406430776899157e+01
2.536100000000000065e+01	2.477216452585171069e+01
2.099199999999999733e+01	2.002945802562086186e+01
2.318699999999999761e+01	2.235249465862368723e+01
1.899800000000000111e+01	1.969525863676207678e+01
2.385999999999999943e+01	2.531463817917914838e+01
1.938799999999999812e+01	2.234574621274370188e+01
2.673099999999999810e+01	2.416352473783376098e+01
2.055300000000000082e+01	2.405225182793933314e+01
2.052400000000000091e+01	2.031196108927556665e+01
1.826000000000000156e+01	1.992492676698873311e+01
2.193800000000000239e+01	2.238368227106796837e+01
2.772599999999999909e+01	2.317829332383788454e+01
2.101599999999999824e+01	2.079219678954813944e+01
2.035200000000000031e+01	2.310242017013112914e+01
2.527400000000000091e+01	2.252216594625737045e+01
2.415199999999999747e+01	2.505489868338809245e+01
2.071400000000000219e+01	2.223070906759904375e+01
2.056699999999999662e+01	2.314283761575990894e+01
2.516099999999999781e+01	2.398345829788107153e+01
2.471900000000000119e+01	2.192842543890520091e+01
2.611400000000000077e+01	2.404193418675329141e+01
2.562599999999999767e+01	2.469419704326542586e+01
2.213800000000000168e+01	2.435364130617894673e+01
2.639400000000000190e+01	2.345558498435597627e+01
2.563500000000000156e+01	2.436522699700073602e+01
1.995400000000000063e+01	1.869248127478450527e+01
2.046499999999999986e+01	2.236949600760670265e+01
2.662599999999999767e+01	2.294867134024175215e+01
2.412599999999999767e+01	2.383498808383399847e+01
2.273000000000000043e+01	2.316594044844126898e+01
2.494400000000000261e+01	2.206714718516195717e+01
2.479199999999999804e+01	2.348030167039156169e+01
2.620699999999999719e+01	2.461047071173911860e+01
2.589699999999999847e+01	2.702801128001754805e+01
2.294000000000000128e+01	2.120547298364846966e+01
2.463699999999999690e+01	2.160892938759324622e+01
2.008299999999999841e+01	2.137591753912401771e+01
2.442300000000000182e+01	2.174338415696897542e+01
2.221099999999999852e+01	2.103386355365237037e+01
1.980400000000000205e+01	2.092886721033426056e+01
2.194099999999999895e+01	2.140903570186941351e+01
2.541000000000000014e+01	2.550840913026833690e+01
2.421300000000000097e+01	2.318339730349586247e+01
2.376900000000000190e+01	2.223240570501564761e+01
2.324900000000000233e+01	2.238881795456108392e+01
2.224399999999999977e+01	2.352151356715181407e+01
2.360199999999999676e+01	2.313655234389996096e+01
2.556500000000000128e+01	2.340923675603573173e+01
2.602300000000000324e+01	2.277812186910480108e+01
2.143800000000000239e+01	2.348113917460460698e+01
2.447300000000000253e+01	2.251143870788137846e+01
2.379199999999999804e+01	2.390626387334454606e+01
2.577899999999999991e+01	2.333468131401306422e+01
2.150400000000000134e+01	2.270167506577430316e+01
2.599599999999999866e+01	2.399590372030128194e+01
2.365300000000000225e+01	2.173927140710503991e+01
2.024599999999999866e+01	2.163722923498648498e+01
2.305400000000000205e+01	2.201716583110927772e+01
2.094000000000000128e+01	2.354332415946154811e+01
2.633300000000000196e+01	2.246111166395718683e+01
2.039600000000000080e+01	2.053561711539300205e+01
2.258399999999999963e+01	2.305168617438229361e+01
2.498600000000000065e+01	2.535407451447994376e+01
2.301399999999999935e+01	2.260736975515491665e+01
2.227699999999999747e+01	2.099039606032457073e+01
2.308099999999999952e+01	2.417811469837433336e+01
2.423099999999999810e+01	2.466263480776170880e+01
2.522199999999999775e+01	2.258185110007821450e+01
2.472699999999999676e+01	2.029538044809556396e+01
2.117699999999999960e+01	2.160268719850831332e+01
2.215599999999999881e+01	2.338133285366975400e+01
2.453400000000000247e+01	2.093905716184579902e+01
2.086400000000000077e+01	2.354049279929218486e+01
2.171099999999999852e+01	2.121182065005333328e+01
2.123400000000000176e+01	2.114097120362708893e+01
2.326000000000000156e+01	2.142270227198656229e+01
2.365300000000000225e+01	2.381791140971904497e+01
2.316099999999999781e+01	2.360774639789353557e+01
2.266800000000000281e+01	2.204814630514349005e+01
2.177899999999999991e+01	2.502379043398877911e+01
1.876900000000000190e+01	2.259427774103215114e+01
2.183099999999999952e+01	2.324809647429169601e+01
2.566000000000000014e+01	2.436173593936721105e+01
2.248000000000000043e+01	2.323165092454937408e+01
2.168499999999999872e+01	2.045609855279290912e+01
2.199399999999999977e+01	2.267197423679431978e+01
2.396300000000000097e+01	2.198576099282885465e+01
2.062000000000000099e+01	2.175255352263849318e+01
2.117000000000000171e+01	2.187933401699898539e+01
2.082999999999999829e+01	2.314409816805257947e+01
2.209900000000000020e+01	2.300254592752673233e+01
2.406800000000000139e+01	2.208693648151158939e+01
2.438599999999999923e+01	2.649572677265495102e+01
1.766799999999999926e+01	2.063677987479964315e+01
2.461599999999999966e+01	2.375985376028846119e+01
2.546099999999999852e+01	2.351402216864933337e+01
2.217500000000000071e+01	2.123072775501938381e+01
2.640900000000000247e+01	2.589855120430332747e+01
2.306800000000000139e+01	2.206325071447647090e+01
2.309800000000000253e+01	2.345541251708652908e+01
1.907000000000000028e+01	2.033105941497651159e+01
1.931500000000000128e+01	2.351685892259833466e+01
1.801200000000000045e+01	2.030884411927740985e+01
1.972299999999999898e+01	2.153745134816999496e+01
1.845100000000000051e+01	2.140927773947395352e+01
2.372599999999999909e+01	2.390779322880475632e+01
2.080900000000000105e+01	2.111863787853078023e+01
2.142399999999999949e+01	1.966291995348751342e+01
2.521300000000000097e+01	2.248798553618214058e+01
2.207300000000000040e+01	2.455363916321731921e+01
2.572300000000000253e+01	2.319669251312343050e+01
2.406300000000000239e+01	2.332962743187345822e+01
2.168800000000000239e+01	2.220028899373363984e+01
2.337000000000000099e+01	2.196088271050226126e+01
2.201000000000000156e+01	2.349220602101919297e+01
2.446900000000000119e+01	2.227198112776200034e+01
2.268400000000000105e+01	2.282469575959239094e+01
2.499300000000000210e+01	2.447961263902661599e+01
2.091400000000000148e+01	2.091984279849928186e+01
1.920599999999999952e+01	2.096752239492220937e+01
2.102499999999999858e+01	2.128633085909876499e+01
2.566499999999999915e+01	2.348936883594724989e+01
1.989300000000000068e+01	2.049177093422325058e+01
2.549800000000000111e+01	2.319980657501427146e+01
1.924500000000000099e+01	2.103508823918079074e+01
2.771699999999999875e+01	2.552832374333944543e+01
1.973999999999999844e+01	2.488400069589695107e+01
2.371699999999999875e+01	2.151580686362746064e+01
2.207600000000000051e+01	2.204236274929576567e+01
2.694199999999999662e+01	2.307757924667238569e+01
2.199500000000000099e+01	2.320986570913497715e+01
2.075800000000000267e+01	2.220022693828395433e+01
2.333800000000000097e+01	2.336830327087950820e+01
2.028200000000000003e+01	2.251479721634468945e+01
2.148099999999999810e+01	2.344887094755574708e+01
2.153199999999999648e+01	2.236866786537854068e+01
2.018299999999999983e+01	2.251051940704704180e+01
2.412800000000000011e+01	2.271491213097878514e+01
2.772699999999999676e+01	2.657910049913662931e+01
2.531699999999999662e+01	2.497710301734883842e+01
2.176099999999999923e+01	2.329413961469066408e+01
2.483699999999999974e+01	1.963890163483329587e+01
2.067099999999999937e+01	2.326357411866413116e+01
2.072599999999999909e+01	2.053798591427659659e+01
2.494599999999999795e+01	2.619303100505394255e+01
2.243199999999999861e+01	2.132642010816739386e+01
2.322500000000000142e+01	2.450377276853060593e+01
2.467599999999999838e+01	2.121598728512735477e+01
2.496699999999999875e+01	2.460535250006246599e+01
2.424599999999999866e+01	2.145437464650181170e+01
2.427199999999999847e+01	2.197909057264351773e+01
2.555800000000000338e+01	2.147687067674650763e+01
2.087300000000000111e+01	2.108363018352791585e+01
2.311599999999999966e+01	2.396807329098113470e+01
2.482300000000000040e+01	2.631969894959178546e+01
2.220599999999999952e+01	2.314686201411381461e+01
2.492699999999999960e+01	2.472294192950763048e+01
2.249599999999999866e+01	2.122935053044368203e+01
2.271099999999999852e+01	2.161651909272774930e+01
2.115099999999999980e+01	2.123092281064842624e+01
2.275800000000000267e+01	2.169530758228185974e+01
2.194500000000000028e+01	2.069527179017765661e+01
1.822100000000000009e+01	2.246113799260776744e+01
